247
11 2
20 1808 1881 9 1852 1881 40 1852 1954 7 1925 1954 39 1925 2027 6 1998 2027 35 1998 2100 5 2071 2100 7 2071 3300
7 3300 3373 5 3344 3373 35 3344 3446 6 3417 3446 10 3417 3519 8 3490 3519 18 3490 3563
11 2
18 7281 7354 8 7325 7354 10 7325 7427 6 7398 7427 35 7398 7500 5 7471 7500 9 7471 9000
9 9000 9073 5 9044 9073 52 9044 9146 4 9117 9146 34 9117 9219 7 9190 9219 19 9190 9263
11 2
20 9741 9814 9 9785 9814 40 9785 9887 7 9858 9887 34 9858 9960 4 9931 9960 4 9931 11160
4 11160 11233 4 11204 11233 34 11204 11306 7 11277 11306 36 11277 11379 8 11350 11379 18 11350 11423
11 2
20 10148 10221 9 10192 10221 40 10192 10294 7 10265 10294 39 10265 10367 6 10338 10367 35 10338 10440 5 10411 10440 5 10411 11040
5 11040 11113 5 11084 11113 35 11084 11186 6 11157 11186 39 11157 11259 7 11230 11259 40 11230 11332 9 11303 11332 50 11303 11405 12 11376 11405 44 11376 11478 16 11449 11478 22 11449 11522
11 2
21 10701 10774 15 10745 10774 41 10745 10847 9 10818 10847 33 10818 10920 3 10891 10920 3 10891 11520
3 11520 11593 3 11564 11593 32 11564 11666 7 11637 11666 19 11637 11710
11 2
21 13315 13388 15 13359 13388 42 13359 13461 12 13432 13461 49 13432 13534 10 13505 13534 30 13505 13607 2 13578 13607 27 13578 13680 1 13651 13680 1 13651 14580
1 14580 14653 18 14624 14653 13 14624 14953
11 2
18 13581 13654 8 13625 13654 10 13625 13727 6 13698 13727 35 13698 13800 5 13771 13800 7 13771 14700
7 14700 14773 5 14744 14773 52 14744 14846 4 14817 14846 34 14817 14919 7 14890 14919 19 14890 14963
11 2
20 15428 15501 9 15472 15501 40 15472 15574 7 15545 15574 39 15545 15647 6 15618 15647 35 15618 15720 5 15691 15720 6 15691 16320
6 16320 16393 5 16364 16393 52 16364 16466 4 16437 16466 51 16437 16539 3 16510 16539 48 16510 16612 10 16583 16612 43 16583 16685 16 16656 16685 22 16656 16729
11 2
21 15295 15368 15 15339 15368 42 15339 15441 12 15412 15441 49 15412 15514 10 15485 15514 37 15485 15587 11 15558 15587 28 15558 15660 1 15631 15660 1 15631 16560
1 16560 16633 18 16604 16633 13 16604 16933
11 2
24 15381 15454 14 15425 15454 38 15425 15527 11 15498 15527 31 15498 15600 2 15571 15600 2 15571 16200
2 16200 16273 18 16244 16273 13 16244 16573
11 2
21 15908 15981 15 15952 15981 42 15952 16054 12 16025 16054 49 16025 16127 10 16098 16127 37 16098 16200 11 16171 16200 17 16171 17100
17 17100 17173 11 17144 17173 37 17144 17246 10 17217 17246 45 17217 17319 13 17290 17319 23 17290 17363
11 2
18 15634 15707 8 15678 15707 10 15678 15780 6 15751 15780 11 15751 16680
11 16680 16753 18 16724 16753 13 16724 17053
11 2
21 16375 16448 15 16419 16448 41 16419 16521 9 16492 16521 40 16492 16594 7 16565 16594 34 16565 16667 4 16638 16667 52 16638 16740 5 16711 16740 9 16711 17340
9 17340 17413 5 17384 17413 35 17384 17486 6 17457 17486 39 17457 17559 7 17530 17559 19 17530 17603
11 2
21 16662 16735 15 16706 16735 42 16706 16808 12 16779 16808 49 16779 16881 10 16852 16881 48 16852 16954 3 16925 16954 51 16925 17027 4 16998 17027 52 16998 17100 5 17071 17100 7 17071 17880
7 17880 17953 5 17924 17953 52 17924 18026 4 17997 18026 34 17997 18099 7 18070 18099 19 18070 18143
11 2
18 16388 16461 8 16432 16461 36 16432 16534 7 16505 16534 32 16505 16607 3 16578 16607 29 16578 16680 2 16651 16680 2 16651 18180
2 18180 18253 2 18224 18253 29 18224 18326 3 18297 18326 32 18297 18399 7 18370 18399 19 18370 18443
11 2
18 16534 16607 8 16578 16607 10 16578 16680 6 16651 16680 12 16651 18180
12 18180 18253 18 18224 18253 13 18224 18553
11 2
21 17755 17828 15 17799 17828 41 17799 17901 9 17872 17901 40 17872 17974 7 17945 17974 39 17945 18047 6 18018 18047 35 18018 18120 5 18091 18120 7 18091 19020
7 19020 19093 5 19064 19093 35 19064 19166 6 19137 19166 39 19137 19239 7 19210 19239 19 19210 19283
11 2
21 18355 18428 15 18399 18428 42 18399 18501 12 18472 18501 49 18472 18574 10 18545 18574 48 18545 18647 3 18618 18647 51 18618 18720 4 18691 18720 4 18691 19320
4 19320 19393 18 19364 19393 13 19364 19693
11 2
21 18822 18895 15 18866 18895 42 18866 18968 12 18939 18968 49 18939 19041 10 19012 19041 48 19012 19114 3 19085 19114 51 19085 19187 4 19158 19187 52 19158 19260 5 19231 19260 7 19231 20160
7 20160 20233 18 20204 20233 13 20204 20533
11 2
18 19594 19667 8 19638 19667 10 19638 19740 6 19711 19740 11 19711 20640
11 20640 20713 18 20684 20713 13 20684 21013
11 2
21 19508 19581 15 19552 19581 42 19552 19654 12 19625 19654 49 19625 19727 10 19698 19727 48 19698 19800 3 19771 19800 3 19771 20700
3 20700 20773 3 20744 20773 32 20744 20846 7 20817 20846 19 20817 20890
11 2
21 19615 19688 15 19659 19688 41 19659 19761 9 19732 19761 40 19732 19834 7 19805 19834 39 19805 19907 6 19878 19907 35 19878 19980 5 19951 19980 8 19951 20880
8 20880 20953 18 20924 20953 13 20924 21253
11 2
21 19902 19975 15 19946 19975 42 19946 20048 12 20019 20048 49 20019 20121 10 20092 20121 48 20092 20194 3 20165 20194 51 20165 20267 4 20238 20267 52 20238 20340 5 20311 20340 5 20311 21240
5 21240 21313 18 21284 21313 13 21284 21613
11 2
21 20442 20515 15 20486 20515 42 20486 20588 12 20559 20588 49 20559 20661 10 20632 20661 37 20632 20734 11 20705 20734 31 20705 20807 2 20778 20807 27 20778 20880 1 20851 20880 1 20851 21480
1 21480 21553 18 21524 21553 13 21524 21853
11 2
21 20335 20408 15 20379 20408 41 20379 20481 9 20452 20481 40 20452 20554 7 20525 20554 34 20525 20627 4 20598 20627 52 20598 20700 5 20671 20700 9 20671 21600
9 21600 21673 5 21644 21673 52 21644 21746 4 21717 21746 51 21717 21819 3 21790 21819 48 21790 21892 10 21863 21892 45 21863 21965 13 21936 21965 23 21936 22009
11 2
21 20528 20601 15 20572 20601 41 20572 20674 9 20645 20674 40 20645 20747 7 20718 20747 39 20718 20820 6 20791 20820 14 20791 21720
14 21720 21793 18 21764 21793 13 21764 22093
11 2
24 21801 21874 14 21845 21874 38 21845 21947 11 21918 21947 28 21918 22020 1 21991 22020 1 21991 23760
1 23760 23833 1 23804 23833 27 23804 23906 2 23877 23906 31 23877 23979 11 23950 23979 37 23950 24052 10 24023 24052 45 24023 24125 13 24096 24125 23 24096 24169
11 2
20 22101 22174 9 22145 22174 40 22145 22247 7 22218 22247 34 22218 22320 4 22291 22320 4 22291 24060
4 24060 24133 4 24104 24133 51 24104 24206 3 24177 24206 48 24177 24279 10 24250 24279 45 24250 24352 13 24323 24352 23 24323 24396
11 2
18 20828 20901 8 20872 20901 36 20872 20974 7 20945 20974 34 20945 21047 4 21018 21047 52 21018 21120 5 21091 21120 6 21091 22620
6 22620 22693 18 22664 22693 13 22664 22993
11 2
18 21874 21947 8 21918 21947 10 21918 22020 6 21991 22020 12 21991 22920
12 22920 22993 6 22964 22993 39 22964 23066 7 23037 23066 19 23037 23110
11 2
18 21201 21274 8 21245 21274 36 21245 21347 7 21318 21347 32 21318 21420 3 21391 21420 3 21391 22920
3 22920 22993 18 22964 22993 13 22964 23293
11 2
18 22028 22101 8 22072 22101 36 22072 22174 7 22145 22174 32 22145 22247 3 22218 22247 29 22218 22320 2 22291 22320 2 22291 23220
2 23220 23293 2 23264 23293 31 23264 23366 11 23337 23366 37 23337 23439 10 23410 23439 45 23410 23512 13 23483 23512 23 23483 23556
11 2
13 23311 23640 18 23611 23640 7 23611 24240
7 24240 24313 18 24284 24313 13 24284 24613
11 2
18 22448 22521 8 22492 22521 36 22492 22594 7 22565 22594 34 22565 22667 4 22638 22667 52 22638 22740 5 22711 22740 9 22711 23640
9 23640 23713 5 23684 23713 52 23684 23786 4 23757 23786 34 23757 23859 7 23830 23859 19 23830 23903
11 2
20 23948 24021 9 23992 24021 40 23992 24094 7 24065 24094 39 24065 24167 6 24138 24167 35 24138 24240 5 24211 24240 8 24211 25920
8 25920 25993 5 25964 25993 52 25964 26066 4 26037 26066 34 26037 26139 7 26110 26139 19 26110 26183
11 2
24 24261 24334 14 24305 24334 38 24305 24407 11 24378 24407 28 24378 24480 1 24451 24480 1 24451 25860
1 25860 25933 1 25904 25933 28 25904 26006 11 25977 26006 37 25977 26079 10 26050 26079 45 26050 26152 13 26123 26152 23 26123 26196
11 2
18 22761 22834 8 22805 22834 10 22805 22907 6 22878 22907 35 22878 22980 5 22951 22980 6 22951 24480
6 24480 24553 18 24524 24553 13 24524 24853
11 2
13 24331 24660 18 24631 24660 2 24631 25380
2 25380 25453 18 25424 25453 13 25424 25753
11 2
21 23528 23601 15 23572 23601 41 23572 23674 9 23645 23674 40 23645 23747 7 23718 23747 39 23718 23820 6 23791 23820 14 23791 24720
14 24720 24793 18 24764 24793 13 24764 25093
11 2
13 24811 25140 18 25111 25140 11 25111 27000
11 27000 27073 18 27044 27073 13 27044 27373
11 2
24 24822 24895 14 24866 24895 46 24866 24968 13 24939 24968 45 24939 25041 10 25012 25041 48 25012 25114 3 25085 25114 51 25085 25187 4 25158 25187 52 25158 25260 5 25231 25260 6 25231 25860
6 25860 25933 5 25904 25933 35 25904 26006 6 25977 26006 39 25977 26079 7 26050 26079 40 26050 26152 9 26123 26152 50 26123 26225 12 26196 26225 44 26196 26298 16 26269 26298 22 26269 26342
11 2
18 24321 24394 8 24365 24394 10 24365 24467 6 24438 24467 35 24438 24540 5 24511 24540 5 24511 25440
5 25440 25513 5 25484 25513 52 25484 25586 4 25557 25586 51 25557 25659 3 25630 25659 48 25630 25732 10 25703 25732 45 25703 25805 13 25776 25805 23 25776 25849
11 2
20 25688 25761 9 25732 25761 33 25732 25834 3 25805 25834 29 25805 25907 2 25878 25907 27 25878 25980 1 25951 25980 1 25951 26460
1 26460 26533 1 26504 26533 27 26504 26606 2 26577 26606 30 26577 26679 10 26650 26679 43 26650 26752 16 26723 26752 22 26723 26796
11 2
20 25388 25461 9 25432 25461 40 25432 25534 7 25505 25534 39 25505 25607 6 25578 25607 35 25578 25680 5 25651 25680 7 25651 25980
7 25980 26053 18 26024 26053 13 26024 26353
11 2
21 25435 25508 15 25479 25508 42 25479 25581 12 25552 25581 49 25552 25654 10 25625 25654 37 25625 25727 11 25698 25727 31 25698 25800 2 25771 25800 2 25771 26400
2 26400 26473 18 26444 26473 13 26444 26773
11 2
24 26202 26275 14 26246 26275 46 26246 26348 13 26319 26348 45 26319 26421 10 26392 26421 48 26392 26494 3 26465 26494 51 26465 26567 4 26538 26567 52 26538 26640 5 26611 26640 8 26611 28680
8 28680 28753 18 28724 28753 13 28724 29053
11 2
13 26371 26700 18 26671 26700 2 26671 27300
2 27300 27373 2 27344 27373 30 27344 27446 10 27417 27446 43 27417 27519 16 27490 27519 22 27490 27563
11 2
13 25171 25500 18 25471 25500 3 25471 26760
3 26760 26833 3 26804 26833 48 26804 26906 10 26877 26906 45 26877 26979 13 26950 26979 23 26950 27023
11 2
20 26721 26794 9 26765 26794 40 26765 26867 7 26838 26867 34 26838 26940 4 26911 26940 4 26911 27720
4 27720 27793 4 27764 27793 34 27764 27866 7 27837 27866 19 27837 27910
11 2
20 26948 27021 9 26992 27021 40 26992 27094 7 27065 27094 39 27065 27167 6 27138 27167 35 27138 27240 5 27211 27240 7 27211 27840
7 27840 27913 5 27884 27913 35 27884 27986 6 27957 27986 10 27957 28059 8 28030 28059 18 28030 28103
11 2
13 26971 27300 18 27271 27300 9 27271 28140
9 28140 28213 18 28184 28213 13 28184 28513
11 2
24 27102 27175 14 27146 27175 46 27146 27248 13 27219 27248 45 27219 27321 10 27292 27321 48 27292 27394 3 27365 27394 51 27365 27467 4 27438 27467 52 27438 27540 5 27511 27540 6 27511 28140
6 28140 28213 5 28184 28213 52 28184 28286 4 28257 28286 51 28257 28359 3 28330 28359 48 28330 28432 10 28403 28432 43 28403 28505 16 28476 28505 22 28476 28549
11 2
13 27271 27600 18 27571 27600 14 27571 29160
14 29160 29233 18 29204 29233 13 29204 29533
11 2
24 27788 27861 14 27832 27861 38 27832 27934 11 27905 27934 31 27905 28007 2 27978 28007 27 27978 28080 1 28051 28080 1 28051 29520
1 29520 29593 1 29564 29593 28 29564 29666 11 29637 29666 37 29637 29739 10 29710 29739 45 29710 29812 13 29783 29812 23 29783 29856
11 2
20 28161 28234 9 28205 28234 33 28205 28307 3 28278 28307 29 28278 28380 2 28351 28380 2 28351 28980
2 28980 29053 2 29024 29053 31 29024 29126 11 29097 29126 37 29097 29199 10 29170 29199 43 29170 29272 16 29243 29272 22 29243 29316
11 2
13 28171 28500 18 28471 28500 12 28471 29100
12 29100 29173 6 29144 29173 10 29144 29246 8 29217 29246 18 29217 29290
11 2
20 28534 28607 9 28578 28607 33 28578 28680 3 28651 28680 3 28651 29220
3 29220 29293 3 29264 29293 48 29264 29366 10 29337 29366 43 29337 29439 16 29410 29439 22 29410 29483
11 2
24 28302 28375 14 28346 28375 46 28346 28448 13 28419 28448 45 28419 28521 10 28492 28521 48 28492 28594 3 28565 28594 51 28565 28667 4 28638 28667 52 28638 28740 5 28711 28740 6 28711 29340
6 29340 29413 5 29384 29413 35 29384 29486 6 29457 29486 10 29457 29559 8 29530 29559 18 29530 29603
11 2
13 28771 29100 18 29071 29100 4 29071 29700
4 29700 29773 4 29744 29773 34 29744 29846 7 29817 29846 36 29817 29919 8 29890 29919 18 29890 29963
12 3
24 26502 26575 14 26546 26575 46 26546 26648 13 26619 26648 45 26619 26721 10 26692 26721 48 26692 26794 3 26765 26794 51 26765 26867 4 26838 26867 52 26838 26940 5 26911 26940 5 26911 27540
5 27540 29220 5 29191 29220 35 29191 29293 6 29264 29293 10 29264 29366 8 29337 29366 18 29337 29410
5 29220 29293 5 29264 29293 52 29264 29366 4 29337 29366 51 29337 29439 3 29410 29439 48 29410 29512 10 29483 29512 45 29483 29585 13 29556 29585 23 29556 29629
11 2
24 28602 28675 14 28646 28675 46 28646 28748 13 28719 28748 45 28719 28821 10 28792 28821 48 28792 28894 3 28865 28894 51 28865 28967 4 28938 28967 52 28938 29040 5 29011 29040 8 29011 29580
8 29580 29653 18 29624 29653 13 29624 29953
11 2
13 29251 29580 18 29551 29580 5 29551 30180
5 30180 30253 5 30224 30253 35 30224 30326 6 30297 30326 39 30297 30399 7 30370 30399 40 30370 30472 9 30443 30472 50 30443 30545 12 30516 30545 44 30516 30618 16 30589 30618 22 30589 30662
11 2
18 28174 28247 8 28218 28247 10 28218 28320 6 28291 28320 11 28291 29820
11 29820 29893 18 29864 29893 13 29864 30193
11 2
21 28928 29001 15 28972 29001 41 28972 29074 9 29045 29074 40 29045 29147 7 29118 29147 39 29118 29220 6 29191 29220 12 29191 29820
12 29820 29893 6 29864 29893 39 29864 29966 7 29937 29966 19 29937 30010
11 2
24 29734 29807 14 29778 29807 38 29778 29880 11 29851 29880 15 29851 31260
15 31260 31333 11 31304 31333 37 31304 31406 10 31377 31406 45 31377 31479 13 31450 31479 23 31450 31523
11 2
18 28341 28414 8 28385 28414 10 28385 28487 6 28458 28487 35 28458 28560 5 28531 28560 7 28531 30060
7 30060 30133 18 30104 30133 13 30104 30433
11 2
13 29911 30240 18 30211 30240 3 30211 30840
3 30840 30913 3 30884 30913 33 30884 30986 9 30957 30986 50 30957 31059 12 31030 31059 44 31030 31132 16 31103 31132 22 31103 31176
11 2
24 30128 30201 14 30172 30201 46 30172 30274 13 30245 30274 45 30245 30347 10 30318 30347 37 30318 30420 11 30391 30420 17 30391 31020
17 31020 31093 11 31064 31093 38 31064 31166 14 31137 31166 47 31137 31239 17 31210 31239 25 31210 31283
11 2
21 29275 29348 15 29319 29348 41 29319 29421 9 29392 29421 40 29392 29494 7 29465 29494 39 29465 29567 6 29538 29567 35 29538 29640 5 29611 29640 6 29611 30540
6 30540 30613 5 30584 30613 52 30584 30686 4 30657 30686 51 30657 30759 3 30730 30759 48 30730 30832 10 30803 30832 45 30803 30905 13 30876 30905 23 30876 30949
11 2
20 30321 30394 9 30365 30394 33 30365 30467 3 30438 30467 51 30438 30540 4 30511 30540 4 30511 31140
4 31140 31213 4 31184 31213 34 31184 31286 7 31257 31286 36 31257 31359 8 31330 31359 18 31330 31403
11 2
24 30681 30754 14 30725 30754 38 30725 30827 11 30798 30827 28 30798 30900 1 30871 30900 1 30871 31500
1 31500 31573 1 31544 31573 27 31544 31646 2 31617 31646 29 31617 31719 3 31690 31719 32 31690 31792 7 31763 31792 36 31763 31865 8 31836 31865 18 31836 31909
11 2
18 29108 29181 8 29152 29181 36 29152 29254 7 29225 29254 32 29225 29327 3 29298 29327 29 29298 29400 2 29371 29400 2 29371 30900
2 30900 30973 18 30944 30973 13 30944 31273
11 2
20 28868 28941 9 28912 28941 40 28912 29014 7 28985 29014 39 28985 29087 6 29058 29087 35 29058 29160 5 29131 29160 9 29131 30960
9 30960 31033 5 31004 31033 52 31004 31106 4 31077 31106 51 31077 31179 3 31150 31179 48 31150 31252 10 31223 31252 45 31223 31325 13 31296 31325 23 31296 31369
11 2
13 30691 31020 18 30991 31020 5 30991 32220
5 32220 32293 5 32264 32293 35 32264 32366 6 32337 32366 10 32337 32439 8 32410 32439 18 32410 32483
11 2
24 31388 31461 14 31432 31461 46 31432 31534 13 31505 31534 45 31505 31607 10 31578 31607 48 31578 31680 3 31651 31680 3 31651 32280
3 32280 32353 3 32324 32353 33 32324 32426 9 32397 32426 50 32397 32499 12 32470 32499 44 32470 32572 16 32543 32572 22 32543 32616
11 2
13 31471 31800 18 31771 31800 9 31771 32400
9 32400 32473 5 32444 32473 52 32444 32546 4 32517 32546 34 32517 32619 7 32590 32619 40 32590 32692 9 32663 32692 50 32663 32765 12 32736 32765 44 32736 32838 16 32809 32838 22 32809 32882
11 2
13 31771 32100 18 32071 32100 12 32071 32700
12 32700 32773 6 32744 32773 10 32744 32846 8 32817 32846 18 32817 32890
11 2
13 32011 32340 18 32311 32340 4 32311 32940
4 32940 33013 4 32984 33013 34 32984 33086 7 33057 33086 40 33057 33159 9 33130 33159 50 33130 33232 12 33203 33232 44 33203 33305 16 33276 33305 22 33276 33349
11 2
13 32911 33240 18 33211 33240 3 33211 33840
3 33840 33913 3 33884 33913 33 33884 33986 9 33957 33986 50 33957 34059 12 34030 34059 44 34030 34132 16 34103 34132 22 34103 34176
11 2
24 33042 33115 14 33086 33115 46 33086 33188 13 33159 33188 45 33159 33261 10 33232 33261 48 33232 33334 3 33305 33334 51 33305 33407 4 33378 33407 52 33378 33480 5 33451 33480 5 33451 34080
5 34080 34153 5 34124 34153 35 34124 34226 6 34197 34226 10 34197 34299 8 34270 34299 18 34270 34343
11 2
20 33261 33334 9 33305 33334 33 33305 33407 3 33378 33407 29 33378 33480 2 33451 33480 2 33451 34080
2 34080 34153 2 34124 34153 30 34124 34226 10 34197 34226 43 34197 34299 16 34270 34299 22 34270 34343
11 2
20 33621 33694 9 33665 33694 33 33665 33767 3 33738 33767 51 33738 33840 4 33811 33840 4 33811 34440
4 34440 34513 4 34484 34513 51 34484 34586 3 34557 34586 33 34557 34659 9 34630 34659 50 34630 34732 12 34703 34732 44 34703 34805 16 34776 34805 22 34776 34849
11 2
24 33754 33827 14 33798 33827 38 33798 33900 11 33871 33900 17 33871 39420
17 39420 39493 11 39464 39493 37 39464 39566 10 39537 39566 45 39537 39639 13 39610 39639 23 39610 39683
11 2
21 33235 33308 15 33279 33308 41 33279 33381 9 33352 33381 40 33352 33454 7 33425 33454 39 33425 33527 6 33498 33527 35 33498 33600 5 33571 33600 6 33571 34200
6 34200 34273 5 34244 34273 52 34244 34346 4 34317 34346 51 34317 34419 3 34390 34419 48 34390 34492 10 34463 34492 45 34463 34565 13 34536 34565 23 34536 34609
11 2
21 33655 33728 15 33699 33728 42 33699 33801 12 33772 33801 49 33772 33874 10 33845 33874 37 33845 33947 11 33918 33947 28 33918 34020 1 33991 34020 1 33991 34620
1 34620 34693 1 34664 34693 28 34664 34766 11 34737 34766 37 34737 34839 10 34810 34839 45 34810 34912 13 34883 34912 23 34883 34956
11 2
13 34351 34680 18 34651 34680 4 34651 38880
4 38880 38953 18 38924 38953 13 38924 39253
11 2
21 33848 33921 15 33892 33921 42 33892 33994 12 33965 33994 49 33965 34067 10 34038 34067 48 34038 34140 3 34111 34140 3 34111 34740
3 34740 34813 3 34784 34813 32 34784 34886 7 34857 34886 19 34857 34930
11 2
13 34891 35220 18 35191 35220 1 35191 35520
1 35520 35593 1 35564 35593 28 35564 35666 11 35637 35666 37 35637 35739 10 35710 35739 45 35710 35812 13 35783 35812 23 35783 35856
11 2
20 35408 35481 9 35452 35481 33 35452 35554 3 35525 35554 51 35525 35627 4 35598 35627 52 35598 35700 5 35671 35700 8 35671 36300
8 36300 36373 5 36344 36373 35 36344 36446 6 36417 36446 10 36417 36519 8 36490 36519 18 36490 36563
11 2
13 35791 36120 18 36091 36120 9 36091 36720
9 36720 36793 5 36764 36793 52 36764 36866 4 36837 36866 34 36837 36939 7 36910 36939 40 36910 37012 9 36983 37012 50 36983 37085 12 37056 37085 44 37056 37158 16 37129 37158 22 37129 37202
21 3
24 35948 36021 14 35992 36021 46 35992 36094 13 36065 36094 45 36065 36167 10 36138 36167 48 36138 36240 3 36211 36240 3 36211 37200
20 36394 36467 9 36438 36467 33 36438 36540 3 36511 36540 3 36511 37200
3 37200 37273 18 37244 37273 13 37244 37573
11 2
21 35755 35828 15 35799 35828 41 35799 35901 9 35872 35901 33 35872 35974 3 35945 35974 29 35945 36047 2 36018 36047 27 36018 36120 1 36091 36120 1 36091 36720
1 36720 36793 1 36764 36793 27 36764 36866 2 36837 36866 29 36837 36939 3 36910 36939 32 36910 37012 7 36983 37012 19 36983 37056
11 2
24 36848 36921 14 36892 36921 38 36892 36994 11 36965 36994 31 36965 37067 2 37038 37067 27 37038 37140 1 37111 37140 1 37111 37740
1 37740 37813 1 37784 37813 27 37784 37886 2 37857 37886 29 37857 37959 3 37930 37959 32 37930 38032 7 38003 38032 36 38003 38105 8 38076 38105 18 38076 38149
11 2
21 36235 36308 15 36279 36308 41 36279 36381 9 36352 36381 40 36352 36454 7 36425 36454 39 36425 36527 6 36498 36527 35 36498 36600 5 36571 36600 5 36571 37200
5 37200 37273 5 37244 37273 35 37244 37346 6 37317 37346 39 37317 37419 7 37390 37419 19 37390 37463
11 2
13 36871 37200 18 37171 37200 11 37171 37800
11 37800 37873 6 37844 37873 39 37844 37946 7 37917 37946 40 37917 38019 9 37990 38019 50 37990 38092 12 38063 38092 44 38063 38165 16 38136 38165 22 38136 38209
11 2
21 36608 36681 15 36652 36681 41 36652 36754 9 36725 36754 40 36725 36827 7 36798 36827 39 36798 36900 6 36871 36900 12 36871 37800
12 37800 37873 18 37844 37873 13 37844 38173
11 2
21 36955 37028 15 36999 37028 41 36999 37101 9 37072 37101 40 37072 37174 7 37145 37174 34 37145 37247 4 37218 37247 52 37218 37320 5 37291 37320 7 37291 37920
7 37920 37993 5 37964 37993 52 37964 38066 4 38037 38066 34 38037 38139 7 38110 38139 19 38110 38183
11 2
18 36368 36441 8 36412 36441 36 36412 36514 7 36485 36514 34 36485 36587 4 36558 36587 52 36558 36660 5 36631 36660 6 36631 38160
6 38160 38233 18 38204 38233 13 38204 38533
11 2
18 37221 37294 8 37265 37294 36 37265 37367 7 37338 37367 32 37338 37440 3 37411 37440 3 37411 38340
3 38340 38413 3 38384 38413 32 38384 38486 7 38457 38486 19 38457 38530
11 2
13 38251 38580 18 38551 38580 11 38551 39180
11 39180 39253 6 39224 39253 39 39224 39326 7 39297 39326 40 39297 39399 9 39370 39399 50 39370 39472 12 39443 39472 44 39443 39545 16 39516 39545 22 39516 39589
11 2
21 36702 36775 15 36746 36775 42 36746 36848 12 36819 36848 49 36819 36921 10 36892 36921 48 36892 36994 3 36965 36994 51 36965 37067 4 37038 37067 52 37038 37140 5 37111 37140 9 37111 38640
9 38640 38713 18 38684 38713 13 38684 39013
11 2
20 38601 38674 9 38645 38674 40 38645 38747 7 38718 38747 39 38718 38820 6 38791 38820 14 38791 40320
14 40320 40393 6 40364 40393 39 40364 40466 7 40437 40466 19 40437 40510
11 2
13 38491 38820 18 38791 38820 1 38791 39120
1 39120 39193 1 39164 39193 27 39164 39266 2 39237 39266 29 39237 39339 3 39310 39339 32 39310 39412 7 39383 39412 19 39383 39456
11 2
21 38228 38301 15 38272 38301 42 38272 38374 12 38345 38374 49 38345 38447 10 38418 38447 48 38418 38520 3 38491 38520 3 38491 39120
3 39120 39193 18 39164 39193 13 39164 39493
11 2
18 38314 38387 8 38358 38387 10 38358 38460 6 38431 38460 12 38431 39360
12 39360 39433 18 39404 39433 13 39404 39733
11 2
18 37821 37894 8 37865 37894 10 37865 37967 6 37938 37967 35 37938 38040 5 38011 38040 5 38011 39540
5 39540 39613 5 39584 39613 35 39584 39686 6 39657 39686 39 39657 39759 7 39730 39759 19 39730 39803
11 2
18 38708 38781 8 38752 38781 36 38752 38854 7 38825 38854 34 38825 38927 4 38898 38927 52 38898 39000 5 38971 39000 7 38971 39900
7 39900 39973 5 39944 39973 52 39944 40046 4 40017 40046 51 40017 40119 3 40090 40119 48 40090 40192 10 40163 40192 45 40163 40265 13 40236 40265 23 40236 40309
11 2
21 38995 39068 15 39039 39068 41 39039 39141 9 39112 39141 40 39112 39214 7 39185 39214 34 39185 39287 4 39258 39287 52 39258 39360 5 39331 39360 9 39331 40260
9 40260 40333 5 40304 40333 52 40304 40406 4 40377 40406 51 40377 40479 3 40450 40479 48 40450 40552 10 40523 40552 45 40523 40625 13 40596 40625 23 40596 40669
11 2
13 40231 40560 18 40531 40560 3 40531 43980
3 43980 44053 18 44024 44053 13 44024 44353
11 2
20 40461 40534 9 40505 40534 40 40505 40607 7 40578 40607 39 40578 40680 6 40651 40680 14 40651 41280
14 41280 41353 6 41324 41353 10 41324 41426 8 41397 41426 18 41397 41470
11 2
13 40951 41280 18 41251 41280 1 41251 41880
1 41880 41953 1 41924 41953 28 41924 42026 11 41997 42026 37 41997 42099 10 42070 42099 43 42070 42172 16 42143 42172 22 42143 42216
11 2
20 41528 41601 9 41572 41601 40 41572 41674 7 41645 41674 34 41645 41747 4 41718 41747 52 41718 41820 5 41791 41820 6 41791 42420
6 42420 42493 18 42464 42493 13 42464 42793
11 2
13 42091 42420 18 42391 42420 5 42391 46080
5 46080 46153 18 46124 46153 13 46124 46453
11 2
18 42235 42308 8 42279 42308 36 42279 42381 7 42352 42381 32 42352 42454 3 42425 42454 29 42425 42527 2 42498 42527 27 42498 42600 1 42571 42600 1 42571 43500
1 43500 43573 1 43544 43573 28 43544 43646 11 43617 43646 37 43617 43719 10 43690 43719 45 43690 43792 13 43763 43792 23 43763 43836
11 2
20 43521 43594 9 43565 43594 33 43565 43667 3 43638 43667 29 43638 43740 2 43711 43740 2 43711 44340
2 44340 44413 2 44384 44413 30 44384 44486 10 44457 44486 43 44457 44559 16 44530 44559 22 44530 44603
11 2
21 43028 43101 15 43072 43101 41 43072 43174 9 43145 43174 40 43145 43247 7 43218 43247 39 43218 43320 6 43291 43320 14 43291 44220
14 44220 44293 18 44264 44293 13 44264 44593
11 2
18 43594 43667 8 43638 43667 10 43638 43740 6 43711 43740 11 43711 44640
11 44640 44713 6 44684 44713 39 44684 44786 7 44757 44786 19 44757 44830
11 2
21 43508 43581 15 43552 43581 41 43552 43654 9 43625 43654 40 43625 43727 7 43698 43727 39 43698 43800 6 43771 43800 12 43771 44700
12 44700 44773 18 44744 44773 13 44744 45073
11 2
20 44734 44807 9 44778 44807 33 44778 44880 3 44851 44880 3 44851 45480
3 45480 45553 3 45524 45553 48 45524 45626 10 45597 45626 43 45597 45699 16 45670 45699 22 45670 45743
11 2
13 44671 45000 18 44971 45000 9 44971 45600
9 45600 45673 5 45644 45673 52 45644 45746 4 45717 45746 34 45717 45819 7 45790 45819 40 45790 45892 9 45863 45892 50 45863 45965 12 45936 45965 44 45936 46038 16 46009 46038 22 46009 46082
11 2
13 45451 45780 18 45751 45780 12 45751 46980
12 46980 47053 6 47024 47053 10 47024 47126 8 47097 47126 18 47097 47170
11 2
24 45968 46041 14 46012 46041 46 46012 46114 13 46085 46114 45 46085 46187 10 46158 46187 48 46158 46260 3 46231 46260 3 46231 47100
3 47100 47173 3 47144 47173 48 47144 47246 10 47217 47246 45 47217 47319 13 47290 47319 23 47290 47363
11 2
13 45691 46020 18 45991 46020 11 45991 46320
11 46320 46393 6 46364 46393 39 46364 46466 7 46437 46466 19 46437 46510
11 2
13 46171 46500 18 46471 46500 14 46471 49320
14 49320 49393 18 49364 49393 13 49364 49693
11 2
20 46628 46701 9 46672 46701 33 46672 46774 3 46745 46774 51 46745 46847 4 46818 46847 52 46818 46920 5 46891 46920 8 46891 47520
8 47520 47593 5 47564 47593 35 47564 47666 6 47637 47666 10 47637 47739 8 47710 47739 18 47710 47783
11 2
13 46771 47100 18 47071 47100 9 47071 47700
9 47700 47773 5 47744 47773 35 47744 47846 6 47817 47846 39 47817 47919 7 47890 47919 40 47890 47992 9 47963 47992 50 47963 48065 12 48036 48065 44 48036 48138 16 48109 48138 22 48109 48182
11 2
13 47011 47340 18 47311 47340 3 47311 51660
3 51660 51733 18 51704 51733 13 51704 52033
11 2
21 46628 46701 15 46672 46701 42 46672 46774 12 46745 46774 49 46745 46847 10 46818 46847 30 46818 46920 2 46891 46920 2 46891 47520
2 47520 47593 2 47564 47593 29 47564 47666 3 47637 47666 32 47637 47739 7 47710 47739 19 47710 47783
11 2
20 44108 44181 9 44152 44181 33 44152 44254 3 44225 44254 51 44225 44327 4 44298 44327 52 44298 44400 5 44371 44400 6 44371 47580
6 47580 47653 18 47624 47653 13 47624 47953
11 2
20 47421 47494 9 47465 47494 33 47465 47567 3 47538 47567 51 47538 47640 4 47611 47640 4 47611 48240
4 48240 48313 4 48284 48313 51 48284 48386 3 48357 48386 48 48357 48459 10 48430 48459 43 48430 48532 16 48503 48532 22 48503 48576
11 2
18 46388 46461 8 46432 46461 36 46432 46534 7 46505 46534 34 46505 46607 4 46578 46607 52 46578 46680 5 46651 46680 5 46651 48180
5 48180 48253 5 48224 48253 35 48224 48326 6 48297 48326 39 48297 48399 7 48370 48399 19 48370 48443
11 2
21 47288 47361 15 47332 47361 41 47332 47434 9 47405 47434 40 47405 47507 7 47478 47507 39 47478 47580 6 47551 47580 11 47551 48480
11 48480 48553 18 48524 48553 13 48524 48853
11 2
13 48811 49140 18 49111 49140 9 49111 49740
9 49740 49813 5 49784 49813 52 49784 49886 4 49857 49886 34 49857 49959 7 49930 49959 36 49930 50032 8 50003 50032 18 50003 50076
11 2
18 48368 48441 8 48412 48441 36 48412 48514 7 48485 48514 34 48485 48587 4 48558 48587 52 48558 48660 5 48631 48660 7 48631 49560
7 49560 49633 18 49604 49633 13 49604 49933
11 2
24 49821 49894 14 49865 49894 38 49865 49967 11 49938 49967 31 49938 50040 2 50011 50040 2 50011 50640
2 50640 50713 2 50684 50713 30 50684 50786 10 50757 50786 45 50757 50859 13 50830 50859 46 50830 50932 14 50903 50932 47 50903 51005 17 50976 51005 26 50976 51049
11 2
20 49941 50014 9 49985 50014 40 49985 50087 7 50058 50087 34 50058 50160 4 50131 50160 4 50131 50760
4 50760 50833 18 50804 50833 13 50804 51133
11 2
13 50131 50460 18 50431 50460 14 50431 51060
14 51060 51133 6 51104 51133 10 51104 51206 8 51177 51206 18 51177 51250
11 2
20 50408 50481 9 50452 50481 40 50452 50554 7 50525 50554 34 50525 50627 4 50598 50627 52 50598 50700 5 50671 50700 5 50671 51300
5 51300 51373 5 51344 51373 35 51344 51446 6 51417 51446 10 51417 51519 8 51490 51519 18 51490 51563
11 2
18 49534 49607 8 49578 49607 10 49578 49680 6 49651 49680 12 49651 51180
12 51180 51253 18 51224 51253 13 51224 51553
11 2
13 51271 51600 18 51571 51600 8 51571 52200
8 52200 52273 5 52244 52273 35 52244 52346 6 52317 52346 10 52317 52419 8 52390 52419 18 52390 52463
11 2
13 51751 52080 18 52051 52080 6 52051 53280
6 53280 53353 5 53324 53353 35 53324 53426 6 53397 53426 10 53397 53499 8 53470 53499 18 53470 53543
11 2
18 51008 51081 8 51052 51081 36 51052 51154 7 51125 51154 32 51125 51227 3 51198 51227 29 51198 51300 2 51271 51300 2 51271 52800
2 52800 52873 18 52844 52873 13 52844 53173
11 2
18 51321 51394 8 51365 51394 36 51365 51467 7 51438 51467 34 51438 51540 4 51511 51540 4 51511 53040
4 53040 53113 18 53084 53113 13 53084 53413
11 2
13 49291 49620 18 49591 49620 6 49591 50220
6 50220 50293 5 50264 50293 52 50264 50366 4 50337 50366 34 50337 50439 7 50410 50439 36 50410 50512 8 50483 50512 18 50483 50556
11 2
18 52534 52607 8 52578 52607 10 52578 52680 6 52651 52680 12 52651 53580
12 53580 53653 18 53624 53653 13 53624 53953
11 2
18 51861 51934 8 51905 51934 36 51905 52007 7 51978 52007 32 51978 52080 3 52051 52080 3 52051 53520
3 53520 53593 3 53564 53593 32 53564 53666 7 53637 53666 19 53637 53710
11 2
13 53251 53580 18 53551 53580 4 53551 54180
4 54180 54253 18 54224 54253 13 54224 54553
11 2
18 52628 52701 8 52672 52701 36 52672 52774 7 52745 52774 34 52745 52847 4 52818 52847 52 52818 52920 5 52891 52920 5 52891 53880
5 53880 53953 5 53924 53953 52 53924 54026 4 53997 54026 34 53997 54099 7 54070 54099 19 54070 54143
11 2
13 54151 54480 18 54451 54480 3 54451 54960
3 54960 55033 3 55004 55033 33 55004 55106 9 55077 55106 41 55077 55179 15 55150 55179 21 55150 55223
11 2
13 54391 54720 18 54691 54720 8 54691 55920
8 55920 55993 5 55964 55993 35 55964 56066 6 56037 56066 10 56037 56139 8 56110 56139 18 56110 56183
11 2
24 54021 54094 14 54065 54094 38 54065 54167 11 54138 54167 28 54138 54240 1 54211 54240 1 54211 54780
1 54780 54853 18 54824 54853 13 54824 55153
21 3
24 54981 55054 14 55025 55054 38 55025 55127 11 55098 55127 28 55098 55200 1 55171 55200 1 55171 56460
24 55135 55208 14 55179 55208 46 55179 55281 13 55252 55281 45 55252 55354 10 55325 55354 30 55325 55427 2 55398 55427 27 55398 55500 1 55471 55500 1 55471 56460
1 56460 56533 1 56504 56533 28 56504 56606 11 56577 56606 37 56577 56679 10 56650 56679 45 56650 56752 13 56723 56752 23 56723 56796
11 2
13 55231 55560 18 55531 55560 2 55531 56160
2 56160 56233 2 56204 56233 31 56204 56306 11 56277 56306 37 56277 56379 10 56350 56379 45 56350 56452 13 56423 56452 23 56423 56496
11 2
24 55602 55675 14 55646 55675 46 55646 55748 13 55719 55748 45 55719 55821 10 55792 55821 48 55792 55894 3 55865 55894 51 55865 55967 4 55938 55967 52 55938 56040 5 56011 56040 8 56011 59160
8 59160 59233 18 59204 59233 13 59204 59533
11 2
21 55328 55401 15 55372 55401 42 55372 55474 12 55445 55474 49 55445 55547 10 55518 55547 48 55518 55620 3 55591 55620 3 55591 56220
3 56220 56293 3 56264 56293 32 56264 56366 7 56337 56366 19 56337 56410
11 2
24 55902 55975 14 55946 55975 46 55946 56048 13 56019 56048 45 56019 56121 10 56092 56121 48 56092 56194 3 56165 56194 51 56165 56267 4 56238 56267 52 56238 56340 5 56311 56340 9 56311 57480
9 57480 57553 5 57524 57553 35 57524 57626 6 57597 57626 10 57597 57699 8 57670 57699 18 57670 57743
11 2
13 56191 56520 18 56491 56520 7 56491 59820
7 59820 59893 18 59864 59893 13 59864 60193
21 3
20 56828 56901 9 56872 56901 33 56872 56974 3 56945 56974 29 56945 57047 2 57018 57047 27 57018 57120 1 57091 57120 1 57091 61860
18 59674 59747 8 59718 59747 36 59718 59820 7 59791 59820 32 59791 59893 3 59864 59893 29 59864 59966 2 59937 59966 27 59937 60039 1 60010 60039 1 60010 61860
1 61860 61933 1 61904 61933 28 61904 62006 11 61977 62006 37 61977 62079 10 62050 62079 45 62050 62152 13 62123 62152 23 62123 62196
11 2
24 57094 57167 14 57138 57167 38 57138 57240 11 57211 57240 16 57211 57900
16 57900 57973 11 57944 57973 37 57944 58046 10 58017 58046 45 58017 58119 13 58090 58119 23 58090 58163
11 2
21 56108 56181 15 56152 56181 41 56152 56254 9 56225 56254 40 56225 56327 7 56298 56327 39 56298 56400 6 56371 56400 11 56371 57300
11 57300 57373 18 57344 57373 13 57344 57673
11 2
24 57994 58067 14 58038 58067 38 58038 58140 11 58111 58140 17 58111 60060
17 60060 60133 11 60104 60133 37 60104 60206 10 60177 60206 45 60177 60279 13 60250 60279 23 60250 60323
11 2
18 57063 57136 8 57107 57136 36 57107 57209 7 57180 57209 32 57180 57282 3 57253 57282 29 57253 57355 2 57326 57355 2 57326 58260
2 58260 58333 2 58304 58333 30 58304 58406 10 58377 58406 45 58377 58479 13 58450 58479 23 58450 58523
11 2
18 57141 57214 8 57185 57214 10 57185 57287 6 57258 57287 35 57258 57360 5 57331 57360 5 57331 58860
5 58860 58933 18 58904 58933 13 58904 59233
11 2
18 58503 58576 8 58547 58576 36 58547 58649 7 58620 58649 32 58620 58722 3 58693 58722 29 58693 58795 2 58766 58795 2 58766 59700
2 59700 59773 2 59744 59773 30 59744 59846 10 59817 59846 45 59817 59919 13 59890 59919 23 59890 59963
11 2
18 58581 58654 8 58625 58654 10 58625 58727 6 58698 58727 35 58698 58800 5 58771 58800 6 58771 59700
6 59700 59773 5 59744 59773 35 59744 59846 6 59817 59846 39 59817 59919 7 59890 59919 19 59890 59963
11 2
18 58928 59001 8 58972 59001 36 58972 59074 7 59045 59074 34 59045 59147 4 59118 59147 52 59118 59220 5 59191 59220 5 59191 60120
5 60120 60193 5 60164 60193 35 60164 60266 6 60237 60266 39 60237 60339 7 60310 60339 19 60310 60383
11 2
24 59922 59995 14 59966 59995 46 59966 60068 13 60039 60068 45 60039 60141 10 60112 60141 48 60112 60214 3 60185 60214 51 60185 60287 4 60258 60287 52 60258 60360 5 60331 60360 7 60331 62400
7 62400 62473 5 62444 62473 52 62444 62546 4 62517 62546 34 62517 62619 7 62590 62619 19 62590 62663
11 2
21 59288 59361 15 59332 59361 41 59332 59434 9 59405 59434 40 59405 59507 7 59478 59507 39 59478 59580 6 59551 59580 14 59551 60480
14 60480 60553 18 60524 60553 13 60524 60853
11 2
18 59854 59927 8 59898 59927 10 59898 60000 6 59971 60000 12 59971 60900
12 60900 60973 18 60944 60973 13 60944 61273
11 2
24 60934 61007 14 60978 61007 38 60978 61080 11 61051 61080 16 61051 62760
16 62760 62833 11 62804 62833 37 62804 62906 10 62877 62906 45 62877 62979 13 62950 62979 23 62950 63023
11 2
21 60248 60321 15 60292 60321 41 60292 60394 9 60365 60394 40 60365 60467 7 60438 60467 34 60438 60540 4 60511 60540 4 60511 61140
4 61140 61213 4 61184 61213 34 61184 61286 7 61257 61286 19 61257 61330
11 2
20 59854 59927 9 59898 59927 33 59898 60000 3 59971 60000 3 59971 61440
3 61440 61513 18 61484 61513 13 61484 61813
11 2
20 64388 64461 9 64432 64461 33 64432 64534 3 64505 64534 29 64505 64607 2 64578 64607 27 64578 64680 1 64651 64680 1 64651 64980
1 64980 65053 18 65024 65053 13 65024 65353
11 2
20 61868 61941 9 61912 61941 40 61912 62014 7 61985 62014 34 61985 62087 4 62058 62087 52 62058 62160 5 62131 62160 5 62131 63360
5 63360 63433 5 63404 63433 35 63404 63506 6 63477 63506 10 63477 63579 8 63550 63579 18 63550 63623
11 2
21 61328 61401 15 61372 61401 41 61372 61474 9 61445 61474 33 61445 61547 3 61518 61547 29 61518 61620 2 61591 61620 2 61591 62520
2 62520 62593 18 62564 62593 13 62564 62893
11 2
18 61568 61641 8 61612 61641 36 61612 61714 7 61685 61714 34 61685 61787 4 61758 61787 52 61758 61860 5 61831 61860 9 61831 62760
9 62760 62833 18 62804 62833 13 62804 63133
11 2
24 62622 62695 14 62666 62695 46 62666 62768 13 62739 62768 45 62739 62841 10 62812 62841 48 62812 62914 3 62885 62914 51 62885 62987 4 62958 62987 52 62958 63060 5 63031 63060 8 63031 65760
8 65760 65833 18 65804 65833 13 65804 66133
11 2
18 61701 61774 8 61745 61774 10 61745 61847 6 61818 61847 35 61818 61920 5 61891 61920 6 61891 63420
6 63420 63493 5 63464 63493 52 63464 63566 4 63537 63566 34 63537 63639 7 63610 63639 19 63610 63683
11 2
21 62348 62421 15 62392 62421 41 62392 62494 9 62465 62494 40 62465 62567 7 62538 62567 39 62538 62640 6 62611 62640 11 62611 63540
11 63540 63613 18 63584 63613 13 63584 63913
11 2
13 63211 63540 18 63511 63540 14 63511 67680
14 67680 67753 18 67724 67753 13 67724 68053
11 2
18 62674 62747 8 62718 62747 10 62718 62820 6 62791 62820 12 62791 63720
12 63720 63793 6 63764 63793 39 63764 63866 7 63837 63866 19 63837 63910
11 2
24 62134 62207 14 62178 62207 38 62178 62280 11 62251 62280 17 62251 63780
17 63780 63853 11 63824 63853 37 63824 63926 10 63897 63926 45 63897 63999 13 63970 63999 23 63970 64043
11 2
24 63981 64054 14 64025 64054 38 64025 64127 11 64098 64127 31 64098 64200 2 64171 64200 2 64171 65460
2 65460 65533 2 65504 65533 31 65504 65606 11 65577 65606 37 65577 65679 10 65650 65679 45 65650 65752 13 65723 65752 23 65723 65796
11 2
21 62995 63068 15 63039 63068 42 63039 63141 12 63112 63141 49 63112 63214 10 63185 63214 37 63185 63287 11 63258 63287 28 63258 63360 1 63331 63360 1 63331 64260
1 64260 64333 18 64304 64333 13 64304 64633
11 2
24 64208 64281 14 64252 64281 46 64252 64354 13 64325 64354 45 64325 64427 10 64398 64427 37 64398 64500 11 64471 64500 16 64471 65100
16 65100 65173 11 65144 65173 37 65144 65246 10 65217 65246 45 65217 65319 13 65290 65319 23 65290 65363
11 2
13 63691 64020 18 63991 64020 3 63991 64500
3 64500 64573 3 64544 64573 48 64544 64646 10 64617 64646 45 64617 64719 13 64690 64719 23 64690 64763
11 2
18 63741 63814 8 63785 63814 10 63785 63887 6 63858 63887 35 63858 63960 5 63931 63960 6 63931 64800
6 64800 64873 5 64844 64873 52 64844 64946 4 64917 64946 51 64917 65019 3 64990 65019 48 64990 65092 10 65063 65092 45 65063 65165 13 65136 65165 23 65136 65209
11 2
18 63908 63981 8 63952 63981 36 63952 64054 7 64025 64054 34 64025 64127 4 64098 64127 52 64098 64200 5 64171 64200 7 64171 65100
7 65100 65173 5 65144 65173 35 65144 65246 6 65217 65246 39 65217 65319 7 65290 65319 19 65290 65363
11 2
18 64221 64294 8 64265 64294 10 64265 64367 6 64338 64367 35 64338 64440 5 64411 64440 5 64411 65400
5 65400 65473 5 65444 65473 35 65444 65546 6 65517 65546 39 65517 65619 7 65590 65619 19 65590 65663
11 2
24 64881 64954 14 64925 64954 38 64925 65027 11 64998 65027 28 64998 65100 1 65071 65100 1 65071 65520
1 65520 65593 18 65564 65593 13 65564 65893
11 2
20 65648 65721 9 65692 65721 40 65692 65794 7 65765 65794 34 65765 65867 4 65838 65867 52 65838 65940 5 65911 65940 6 65911 67680
6 67680 67753 5 67724 67753 52 67724 67826 4 67797 67826 34 67797 67899 7 67870 67899 19 67870 67943
11 2
24 65708 65781 14 65752 65781 46 65752 65854 13 65825 65854 45 65825 65927 10 65898 65927 30 65898 66000 2 65971 66000 2 65971 67260
2 67260 67333 2 67304 67333 30 67304 67406 10 67377 67406 45 67377 67479 13 67450 67479 23 67450 67523
11 2
18 64341 64414 8 64385 64414 36 64385 64487 7 64458 64487 34 64458 64560 4 64531 64560 4 64531 66060
4 66060 66133 18 66104 66133 13 66104 66433
11 2
13 64471 64800 18 64771 64800 12 64771 66360
12 66360 66433 18 66404 66433 13 66404 66733
11 2
13 66091 66420 18 66391 66420 5 66391 67020
5 67020 67093 5 67064 67093 35 67064 67166 6 67137 67166 39 67137 67239 7 67210 67239 40 67210 67312 9 67283 67312 50 67283 67385 12 67356 67385 44 67356 67458 16 67429 67458 22 67429 67502
11 2
20 66248 66321 9 66292 66321 40 66292 66394 7 66365 66394 34 66365 66467 4 66438 66467 52 66438 66540 5 66511 66540 9 66511 67260
9 67260 67333 5 67304 67333 52 67304 67406 4 67377 67406 34 67377 67479 7 67450 67479 19 67450 67523
11 2
18 65554 65627 8 65598 65627 10 65598 65700 6 65671 65700 11 65671 66600
11 66600 66673 18 66644 66673 13 66644 66973
11 2
13 65851 66180 18 66151 66180 8 66151 66600
8 66600 66673 5 66644 66673 52 66644 66746 4 66717 66746 51 66717 66819 3 66790 66819 48 66790 66892 10 66863 66892 45 66863 66965 13 66936 66965 23 66936 67009
11 2
13 65131 65460 18 65431 65460 7 65431 66720
7 66720 66793 5 66764 66793 52 66764 66866 4 66837 66866 34 66837 66939 7 66910 66939 19 66910 66983
11 2
13 66451 66780 18 66751 66780 11 66751 69900
11 69900 69973 18 69944 69973 13 69944 70273
11 2
24 66595 66668 14 66639 66668 46 66639 66741 13 66712 66741 45 66712 66814 10 66785 66814 37 66785 66887 11 66858 66887 28 66858 66960 1 66931 66960 1 66931 70140
1 70140 70213 18 70184 70213 13 70184 70513
11 2
13 66691 67020 18 66991 67020 8 66991 70440
8 70440 70513 5 70484 70513 35 70484 70586 6 70557 70586 39 70557 70659 7 70630 70659 19 70630 70703
11 2
13 67051 67380 18 67351 67380 5 67351 68580
5 68580 68653 5 68624 68653 35 68624 68726 6 68697 68726 10 68697 68799 8 68770 68799 18 68770 68843
11 2
13 67291 67620 18 67591 67620 4 67591 68220
4 68220 68293 4 68264 68293 34 68264 68366 7 68337 68366 40 68337 68439 9 68410 68439 50 68410 68512 12 68483 68512 44 68483 68585 16 68556 68585 22 68556 68629
11 2
24 67388 67461 14 67432 67461 46 67432 67534 13 67505 67534 45 67505 67607 10 67578 67607 37 67578 67680 11 67651 67680 15 67651 68940
15 68940 69013 11 68984 69013 37 68984 69086 10 69057 69086 45 69057 69159 13 69130 69159 23 69130 69203
11 2
20 67628 67701 9 67672 67701 40 67672 67774 7 67745 67774 39 67745 67847 6 67818 67847 35 67818 67920 5 67891 67920 9 67891 68520
9 68520 68593 5 68564 68593 52 68564 68666 4 68637 68666 51 68637 68739 3 68710 68739 48 68710 68812 10 68783 68812 43 68783 68885 16 68856 68885 22 68856 68929
11 2
18 66274 66347 8 66318 66347 10 66318 66420 6 66391 66420 14 66391 67920
14 67920 67993 18 67964 67993 13 67964 68293
11 2
24 67894 67967 14 67938 67967 38 67938 68040 11 68011 68040 16 68011 70500
16 70500 70573 11 70544 70573 37 70544 70646 10 70617 70646 45 70617 70719 13 70690 70719 23 70690 70763
11 2
13 68371 68700 18 68671 68700 6 68671 69300
6 69300 69373 5 69344 69373 35 69344 69446 6 69417 69446 39 69417 69519 7 69490 69519 40 69490 69592 9 69563 69592 50 69563 69665 12 69636 69665 44 69636 69738 16 69709 69738 22 69709 69782
11 2
13 68851 69180 18 69151 69180 7 69151 70380
7 70380 70453 5 70424 70453 52 70424 70526 4 70497 70526 34 70497 70599 7 70570 70599 36 70570 70672 8 70643 70672 18 70643 70716
11 2
20 68661 68734 9 68705 68734 40 68705 68807 7 68778 68807 39 68778 68880 6 68851 68880 12 68851 69180
12 69180 69253 18 69224 69253 13 69224 69553
11 2
24 69188 69261 14 69232 69261 46 69232 69334 13 69305 69334 45 69305 69407 10 69378 69407 30 69378 69480 2 69451 69480 2 69451 70860
2 70860 70933 2 70904 70933 31 70904 71006 11 70977 71006 37 70977 71079 10 71050 71079 45 71050 71152 13 71123 71152 23 71123 71196
11 2
20 69321 69394 9 69365 69394 40 69365 69467 7 69438 69467 34 69438 69540 4 69511 69540 4 69511 75600
4 75600 75673 4 75644 75673 34 75644 75746 7 75717 75746 19 75717 75790
11 2
24 69342 69415 14 69386 69415 46 69386 69488 13 69459 69488 45 69459 69561 10 69532 69561 48 69532 69634 3 69605 69634 51 69605 69707 4 69678 69707 52 69678 69780 5 69751 69780 9 69751 70320
9 70320 70393 5 70364 70393 35 70364 70466 6 70437 70466 10 70437 70539 8 70510 70539 18 70510 70583
11 2
13 69451 69780 18 69751 69780 14 69751 70740
14 70740 70813 18 70784 70813 13 70784 71113
11 2
21 68948 69021 15 68992 69021 42 68992 69094 12 69065 69094 49 69065 69167 10 69138 69167 48 69138 69240 3 69211 69240 3 69211 69840
3 69840 69913 3 69884 69913 32 69884 69986 7 69957 69986 19 69957 70030
11 2
13 69691 70020 18 69991 70020 11 69991 72180
11 72180 72253 18 72224 72253 13 72224 72553
11 2
13 70171 70500 18 70471 70500 7 70471 71700
7 71700 71773 5 71744 71773 35 71744 71846 6 71817 71846 10 71817 71919 8 71890 71919 18 71890 71963
11 2
13 70651 70980 18 70951 70980 12 70951 73200
12 73200 73273 18 73244 73273 13 73244 73573
11 2
13 70891 71220 18 71191 71220 8 71191 71520
8 71520 71593 5 71564 71593 35 71564 71666 6 71637 71666 39 71637 71739 7 71710 71739 19 71710 71783
11 2
24 71202 71275 14 71246 71275 46 71246 71348 13 71319 71348 45 71319 71421 10 71392 71421 48 71392 71494 3 71465 71494 51 71465 71567 4 71538 71567 52 71538 71640 5 71611 71640 5 71611 72240
5 72240 72313 5 72284 72313 35 72284 72386 6 72357 72386 39 72357 72459 7 72430 72459 40 72430 72532 9 72503 72532 50 72503 72605 12 72576 72605 44 72576 72678 16 72649 72678 22 72649 72722
11 2
20 71588 71661 9 71632 71661 33 71632 71734 3 71705 71734 29 71705 71807 2 71778 71807 27 71778 71880 1 71851 71880 1 71851 72540
1 72540 72613 1 72584 72613 27 72584 72686 2 72657 72686 29 72657 72759 3 72730 72759 33 72730 72832 9 72803 72832 50 72803 72905 12 72876 72905 44 72876 72978 16 72949 72978 22 72949 73022
11 2
13 71731 72060 18 72031 72060 2 72031 72660
2 72660 72733 2 72704 72733 30 72704 72806 10 72777 72806 43 72777 72879 16 72850 72879 22 72850 72923
11 2
20 71948 72021 9 71992 72021 40 71992 72094 7 72065 72094 39 72065 72167 6 72138 72167 35 72138 72240 5 72211 72240 8 72211 72780
8 72780 72853 5 72824 72853 52 72824 72926 4 72897 72926 34 72897 72999 7 72970 72999 36 72970 73072 8 73043 73072 18 73043 73116
11 2
13 72031 72360 18 72331 72360 14 72331 75600
14 75600 75673 18 75644 75673 13 75644 75973
11 2
24 71922 71995 14 71966 71995 46 71966 72068 13 72039 72068 45 72039 72141 10 72112 72141 48 72112 72214 3 72185 72214 51 72185 72287 4 72258 72287 52 72258 72360 5 72331 72360 6 72331 73140
6 73140 73213 5 73184 73213 35 73184 73286 6 73257 73286 39 73257 73359 7 73330 73359 40 73330 73432 9 73403 73432 50 73403 73505 12 73476 73505 44 73476 73578 16 73549 73578 22 73549 73622
11 2
24 72501 72574 14 72545 72574 38 72545 72647 11 72618 72647 28 72618 72720 1 72691 72720 1 72691 72780
1 72780 72853 18 72824 72853 13 72824 73153
11 2
13 72631 72960 18 72931 72960 1 72931 73560
1 73560 73633 1 73604 73633 27 73604 73706 2 73677 73706 31 73677 73779 11 73750 73779 37 73750 73852 10 73823 73852 43 73823 73925 16 73896 73925 22 73896 73969
11 2
24 73414 73487 14 73458 73487 38 73458 73560 11 73531 73560 17 73531 76260
17 76260 76333 11 76304 76333 37 76304 76406 10 76377 76406 45 76377 76479 13 76450 76479 23 76450 76523
11 2
13 73831 74160 18 74131 74160 3 74131 75360
3 75360 75433 3 75404 75433 48 75404 75506 10 75477 75506 43 75477 75579 16 75550 75579 22 75550 75623
11 2
13 74251 74580 18 74551 74580 9 74551 75780
9 75780 75853 5 75824 75853 35 75824 75926 6 75897 75926 10 75897 75999 8 75970 75999 18 75970 76043
11 2
20 74828 74901 9 74872 74901 40 74872 74974 7 74945 74974 39 74945 75047 6 75018 75047 35 75018 75120 5 75091 75120 5 75091 76500
5 76500 76573 5 76544 76573 35 76544 76646 6 76617 76646 10 76617 76719 8 76690 76719 18 76690 76763
11 2
13 74491 74820 18 74791 74820 2 74791 75360
2 75360 75433 2 75404 75433 31 75404 75506 11 75477 75506 37 75477 75579 10 75550 75579 45 75550 75652 13 75623 75652 23 75623 75696
11 2
20 75188 75261 9 75232 75261 33 75232 75334 3 75305 75334 51 75305 75407 4 75378 75407 52 75378 75480 5 75451 75480 6 75451 76080
6 76080 76153 5 76124 76153 52 76124 76226 4 76197 76226 34 76197 76299 7 76270 76299 40 76270 76372 9 76343 76372 50 76343 76445 12 76416 76445 44 76416 76518 16 76489 76518 22 76489 76562
11 2
20 75694 75767 9 75738 75767 33 75738 75840 3 75811 75840 3 75811 76200
3 76200 76273 3 76244 76273 32 76244 76346 7 76317 76346 36 76317 76419 8 76390 76419 18 76390 76463
11 2
24 76388 76461 14 76432 76461 46 76432 76534 13 76505 76534 45 76505 76607 10 76578 76607 37 76578 76680 11 76651 76680 15 76651 79200
15 79200 79273 11 79244 79273 37 79244 79346 10 79317 79346 45 79317 79419 13 79390 79419 23 79390 79463
11 2
13 76471 76800 18 76771 76800 5 76771 78000
5 78000 78073 5 78044 78073 35 78044 78146 6 78117 78146 10 78117 78219 8 78190 78219 18 78190 78263
11 2
13 76771 77100 18 77071 77100 8 77071 78300
8 78300 78373 5 78344 78373 52 78344 78446 4 78417 78446 34 78417 78519 7 78490 78519 36 78490 78592 8 78563 78592 18 78563 78636
11 2
24 77202 77275 14 77246 77275 46 77246 77348 13 77319 77348 45 77319 77421 10 77392 77421 48 77392 77494 3 77465 77494 51 77465 77567 4 77538 77567 52 77538 77640 5 77611 77640 6 77611 78240
6 78240 78313 5 78284 78313 35 78284 78386 6 78357 78386 10 78357 78459 8 78430 78459 18 78430 78503
11 2
13 78031 78360 18 78331 78360 9 78331 79560
9 79560 79633 5 79604 79633 52 79604 79706 4 79677 79706 34 79677 79779 7 79750 79779 36 79750 79852 8 79823 79852 18 79823 79896
11 2
13 78271 78600 18 78571 78600 6 78571 79200
6 79200 79273 5 79244 79273 52 79244 79346 4 79317 79346 34 79317 79419 7 79390 79419 19 79390 79463
11 2
24 72981 73054 14 73025 73054 38 73025 73127 11 73098 73127 31 73098 73200 2 73171 73200 2 73171 73800
2 73800 73873 2 73844 73873 29 73844 73946 3 73917 73946 33 73917 74019 9 73990 74019 50 73990 74092 12 74063 74092 44 74063 74165 16 74136 74165 22 74136 74209
11 2
20 80768 80841 9 80812 80841 40 80812 80914 7 80885 80914 39 80885 80987 6 80958 80987 35 80958 81060 5 81031 81060 7 81031 83400
7 83400 83473 5 83444 83473 35 83444 83546 6 83517 83546 39 83517 83619 7 83590 83619 19 83590 83663
11 2
21 81368 81441 15 81412 81441 42 81412 81514 12 81485 81514 49 81485 81587 10 81558 81587 30 81558 81660 2 81631 81660 2 81631 82260
2 82260 82333 2 82304 82333 29 82304 82406 3 82377 82406 32 82377 82479 7 82450 82479 19 82450 82523
11 2
13 84391 84720 18 84691 84720 1 84691 85320
1 85320 85393 1 85364 85393 27 85364 85466 2 85437 85466 30 85437 85539 10 85510 85539 45 85510 85612 13 85583 85612 23 85583 85656
11 2
13 85471 85800 18 85771 85800 8 85771 87000
8 87000 87073 5 87044 87073 52 87044 87146 4 87117 87146 34 87117 87219 7 87190 87219 36 87190 87292 8 87263 87292 18 87263 87336
11 2
13 86011 86340 18 86311 86340 6 86311 87540
6 87540 87613 5 87584 87613 35 87584 87686 6 87657 87686 10 87657 87759 8 87730 87759 18 87730 87803