247
11 2
20 1808 1881 9 1852 1881 33 1852 1954 3 1925 1954 51 1925 2027 4 1998 2027 52 1998 2100 5 2071 2100 5 2071 3300
5 3300 3373 5 3344 3373 35 3344 3446 6 3417 3446 10 3417 3519 8 3490 3519 18 3490 3563
11 2
18 7208 7281 8 7252 7281 36 7252 7354 7 7325 7354 32 7325 7427 3 7398 7427 29 7398 7500 2 7471 7500 2 7471 9000
2 9000 9073 2 9044 9073 29 9044 9146 3 9117 9146 32 9117 9219 7 9190 9219 19 9190 9263
11 2
20 9668 9741 9 9712 9741 40 9712 9814 7 9785 9814 34 9785 9887 4 9858 9887 52 9858 9960 5 9931 9960 6 9931 11160
6 11160 11233 5 11204 11233 52 11204 11306 4 11277 11306 34 11277 11379 7 11350 11379 36 11350 11452 8 11423 11452 18 11423 11496
11 2
20 10221 10294 9 10265 10294 33 10265 10367 3 10338 10367 29 10338 10440 2 10411 10440 2 10411 11040
2 11040 11113 2 11084 11113 31 11084 11186 11 11157 11186 37 11157 11259 10 11230 11259 43 11230 11332 16 11303 11332 22 11303 11376
11 2
21 10628 10701 15 10672 10701 41 10672 10774 9 10745 10774 33 10745 10847 3 10818 10847 51 10818 10920 4 10891 10920 4 10891 11520
4 11520 11593 4 11564 11593 34 11564 11666 7 11637 11666 19 11637 11710
11 2
21 13388 13461 15 13432 13461 41 13432 13534 9 13505 13534 40 13505 13607 7 13578 13607 39 13578 13680 6 13651 13680 14 13651 14580
14 14580 14653 18 14624 14653 13 14624 14953
11 2
18 13581 13654 8 13625 13654 10 13625 13727 6 13698 13727 35 13698 13800 5 13771 13800 5 13771 14700
5 14700 14773 5 14744 14773 52 14744 14846 4 14817 14846 34 14817 14919 7 14890 14919 19 14890 14963
11 2
20 15501 15574 9 15545 15574 33 15545 15647 3 15618 15647 51 15618 15720 4 15691 15720 4 15691 16320
4 16320 16393 4 16364 16393 51 16364 16466 3 16437 16466 48 16437 16539 10 16510 16539 43 16510 16612 16 16583 16612 22 16583 16656
11 2
21 15368 15441 15 15412 15441 41 15412 15514 9 15485 15514 40 15485 15587 7 15558 15587 39 15558 15660 6 15631 15660 12 15631 16560
12 16560 16633 18 16604 16633 13 16604 16933
11 2
24 15308 15381 14 15352 15381 46 15352 15454 13 15425 15454 45 15425 15527 10 15498 15527 30 15498 15600 2 15571 15600 2 15571 16200
2 16200 16273 18 16244 16273 13 16244 16573
11 2
21 15908 15981 15 15952 15981 42 15952 16054 12 16025 16054 49 16025 16127 10 16098 16127 37 16098 16200 11 16171 16200 16 16171 17100
16 17100 17173 11 17144 17173 37 17144 17246 10 17217 17246 45 17217 17319 13 17290 17319 23 17290 17363
11 2
18 15634 15707 8 15678 15707 10 15678 15780 6 15751 15780 14 15751 16680
14 16680 16753 18 16724 16753 13 16724 17053
11 2
21 16448 16521 15 16492 16521 42 16492 16594 12 16565 16594 49 16565 16667 10 16638 16667 48 16638 16740 3 16711 16740 3 16711 17340
3 17340 17413 3 17384 17413 32 17384 17486 7 17457 17486 19 17457 17530
11 2
21 16808 16881 15 16852 16881 41 16852 16954 9 16925 16954 33 16925 17027 3 16998 17027 29 16998 17100 2 17071 17100 2 17071 17880
2 17880 17953 2 17924 17953 29 17924 18026 3 17997 18026 32 17997 18099 7 18070 18099 19 18070 18143
11 2
18 16315 16388 8 16359 16388 36 16359 16461 7 16432 16461 32 16432 16534 3 16505 16534 29 16505 16607 2 16578 16607 27 16578 16680 1 16651 16680 1 16651 18180
1 18180 18253 1 18224 18253 27 18224 18326 2 18297 18326 29 18297 18399 3 18370 18399 32 18370 18472 7 18443 18472 19 18443 18516
11 2
18 16461 16534 8 16505 16534 36 16505 16607 7 16578 16607 34 16578 16680 4 16651 16680 4 16651 18180
4 18180 18253 18 18224 18253 13 18224 18553
11 2
21 17828 17901 15 17872 17901 41 17872 17974 9 17945 17974 40 17945 18047 7 18018 18047 39 18018 18120 6 18091 18120 12 18091 19020
12 19020 19093 6 19064 19093 39 19064 19166 7 19137 19166 19 19137 19210
11 2
21 18355 18428 15 18399 18428 41 18399 18501 9 18472 18501 33 18472 18574 3 18545 18574 29 18545 18647 2 18618 18647 27 18618 18720 1 18691 18720 1 18691 19320
1 19320 19393 18 19364 19393 13 19364 19693
11 2
21 18968 19041 15 19012 19041 42 19012 19114 12 19085 19114 49 19085 19187 10 19158 19187 30 19158 19260 2 19231 19260 2 19231 20160
2 20160 20233 18 20204 20233 13 20204 20533
11 2
18 19448 19521 8 19492 19521 36 19492 19594 7 19565 19594 34 19565 19667 4 19638 19667 52 19638 19740 5 19711 19740 9 19711 20640
9 20640 20713 18 20684 20713 13 20684 21013
11 2
21 19581 19654 15 19625 19654 41 19625 19727 9 19698 19727 33 19698 19800 3 19771 19800 3 19771 20700
3 20700 20773 3 20744 20773 32 20744 20846 7 20817 20846 19 20817 20890
11 2
21 19688 19761 15 19732 19761 41 19732 19834 9 19805 19834 40 19805 19907 7 19878 19907 39 19878 19980 6 19951 19980 11 19951 20880
11 20880 20953 18 20924 20953 13 20924 21253
11 2
21 20048 20121 15 20092 20121 42 20092 20194 12 20165 20194 49 20165 20267 10 20238 20267 30 20238 20340 2 20311 20340 2 20311 21240
2 21240 21313 18 21284 21313 13 21284 21613
11 2
21 20661 20734 15 20705 20734 41 20705 20807 9 20778 20807 33 20778 20880 3 20851 20880 3 20851 21480
3 21480 21553 18 21524 21553 13 21524 21853
11 2
21 20408 20481 15 20452 20481 42 20452 20554 12 20525 20554 49 20525 20627 10 20598 20627 37 20598 20700 11 20671 20700 17 20671 21600
17 21600 21673 11 21644 21673 37 21644 21746 10 21717 21746 45 21717 21819 13 21790 21819 23 21790 21863
11 2
21 20528 20601 15 20572 20601 41 20572 20674 9 20645 20674 40 20645 20747 7 20718 20747 39 20718 20820 6 20791 20820 14 20791 21720
14 21720 21793 18 21764 21793 13 21764 22093
11 2
24 21874 21947 14 21918 21947 38 21918 22020 11 21991 22020 15 21991 23760
15 23760 23833 11 23804 23833 37 23804 23906 10 23877 23906 45 23877 23979 13 23950 23979 23 23950 24023
11 2
20 22174 22247 9 22218 22247 33 22218 22320 3 22291 22320 3 22291 24060
3 24060 24133 3 24104 24133 48 24104 24206 10 24177 24206 45 24177 24279 13 24250 24279 23 24250 24323
11 2
18 20901 20974 8 20945 20974 36 20945 21047 7 21018 21047 34 21018 21120 4 21091 21120 4 21091 22620
4 22620 22693 18 22664 22693 13 22664 22993
11 2
18 21874 21947 8 21918 21947 10 21918 22020 6 21991 22020 11 21991 22920
11 22920 22993 6 22964 22993 39 22964 23066 7 23037 23066 19 23037 23110
11 2
18 20734 20807 8 20778 20807 36 20778 20880 7 20851 20880 34 20851 20953 4 20924 20953 52 20924 21026 5 20997 21026 6 20997 22920
6 22920 22993 18 22964 22993 13 22964 23293
11 2
18 22028 22101 8 22072 22101 36 22072 22174 7 22145 22174 32 22145 22247 3 22218 22247 29 22218 22320 2 22291 22320 2 22291 23220
2 23220 23293 2 23264 23293 30 23264 23366 10 23337 23366 45 23337 23439 13 23410 23439 23 23410 23483
11 2
13 22711 23040 18 23011 23040 14 23011 24240
14 24240 24313 18 24284 24313 13 24284 24613
11 2
18 22448 22521 8 22492 22521 10 22492 22594 6 22565 22594 35 22565 22667 5 22638 22667 8 22638 23645
8 23645 23718 5 23689 23718 52 23689 23791 4 23762 23791 34 23762 23864 7 23835 23864 19 23835 23908
11 2
20 24021 24094 9 24065 24094 33 24065 24167 3 24138 24167 51 24138 24240 4 24211 24240 4 24211 25920
4 25920 25993 4 25964 25993 34 25964 26066 7 26037 26066 19 26037 26110
11 2
24 24261 24334 14 24305 24334 38 24305 24407 11 24378 24407 28 24378 24480 1 24451 24480 1 24451 26016
1 26016 26089 1 26060 26089 28 26060 26162 11 26133 26162 37 26133 26235 10 26206 26235 45 26206 26308 13 26279 26308 23 26279 26352
11 2
18 22161 22234 8 22205 22234 10 22205 22307 6 22278 22307 35 22278 22380 5 22351 22380 5 22351 25080
5 25080 25153 18 25124 25153 13 25124 25453
11 2
13 24331 24660 18 24631 24660 12 24631 25380
12 25380 25453 18 25424 25453 13 25424 25753
11 2
21 23528 23601 15 23572 23601 41 23572 23674 9 23645 23674 40 23645 23747 7 23718 23747 39 23718 23820 6 23791 23820 11 23791 24720
11 24720 24793 18 24764 24793 13 24764 25093
11 2
13 24811 25140 18 25111 25140 11 25111 27000
11 27000 27073 18 27044 27073 13 27044 27373
11 2
24 25114 25187 14 25158 25187 38 25158 25260 11 25231 25260 15 25231 25982
15 25982 26055 11 26026 26055 37 26026 26128 10 26099 26128 43 26099 26201 16 26172 26201 22 26172 26245
11 2
18 24320 24393 8 24364 24393 36 24364 24466 7 24437 24466 32 24437 24539 3 24510 24539 3 24510 25440
3 25440 25513 3 25484 25513 48 25484 25586 10 25557 25586 45 25557 25659 13 25630 25659 23 25630 25703
11 2
20 25747 25820 9 25791 25820 33 25791 25893 3 25864 25893 3 25864 26509
3 26509 26582 3 26553 26582 33 26553 26655 9 26626 26655 50 26626 26728 12 26699 26728 44 26699 26801 16 26772 26801 22 26772 26845
11 2
20 25447 25520 9 25491 25520 40 25491 25593 7 25564 25593 39 25564 25666 6 25637 25666 12 25637 25980
12 25980 26053 18 26024 26053 13 26024 26353
11 2
21 24762 24835 15 24806 24835 42 24806 24908 12 24879 24908 49 24879 24981 10 24952 24981 48 24952 25054 3 25025 25054 51 25025 25127 4 25098 25127 52 25098 25200 5 25171 25200 5 25171 26400
5 26400 26473 18 26444 26473 13 26444 26773
11 2
24 26348 26421 14 26392 26421 38 26392 26494 11 26465 26494 31 26465 26567 2 26538 26567 27 26538 26640 1 26611 26640 1 26611 28680
1 28680 28753 18 28724 28753 13 28724 29053
11 2
13 26371 26700 18 26671 26700 3 26671 27349
3 27349 27422 3 27393 27422 33 27393 27495 9 27466 27495 50 27466 27568 12 27539 27568 44 27539 27641 16 27612 27641 22 27612 27685
11 2
13 24871 25200 18 25171 25200 2 25171 26760
2 26760 26833 2 26804 26833 30 26804 26906 10 26877 26906 45 26877 26979 13 26950 26979 23 26950 27023
11 2
20 26721 26794 9 26765 26794 40 26765 26867 7 26838 26867 39 26838 26940 6 26911 26940 14 26911 27720
14 27720 27793 6 27764 27793 39 27764 27866 7 27837 27866 19 27837 27910
11 2
20 26643 26716 9 26687 26716 33 26687 26789 3 26760 26789 51 26760 26862 4 26833 26862 52 26833 26935 5 26906 26935 7 26906 27871
7 27871 27944 5 27915 27944 52 27915 28017 4 27988 28017 34 27988 28090 7 28061 28090 36 28061 28163 8 28134 28163 18 28134 28207
11 2
13 26371 26700 18 26671 26700 8 26671 28140
8 28140 28213 18 28184 28213 13 28184 28513
11 2
24 27394 27467 14 27438 27467 38 27438 27540 11 27511 27540 16 27511 28262
16 28262 28335 11 28306 28335 37 28306 28408 10 28379 28408 43 28379 28481 16 28452 28481 22 28452 28525
11 2
13 27271 27600 18 27571 27600 9 27571 29160
9 29160 29233 18 29204 29233 13 29204 29533
11 2
24 27472 27545 14 27516 27545 46 27516 27618 13 27589 27618 45 27589 27691 10 27662 27691 48 27662 27764 3 27735 27764 51 27735 27837 4 27808 27837 52 27808 27910 5 27881 27910 6 27881 29520
6 29520 29593 5 29564 29593 52 29564 29666 4 29637 29666 51 29637 29739 3 29710 29739 48 29710 29812 10 29783 29812 45 29783 29885 13 29856 29885 23 29856 29929
11 2
20 28161 28234 9 28205 28234 33 28205 28307 3 28278 28307 29 28278 28380 2 28351 28380 2 28351 28980
2 28980 29053 2 29024 29053 30 29024 29126 10 29097 29126 43 29097 29199 16 29170 29199 22 29170 29243
11 2
13 27571 27900 18 27871 27900 12 27871 29100
12 29100 29173 6 29144 29173 10 29144 29246 8 29217 29246 18 29217 29290
11 2
20 28447 28520 9 28491 28520 40 28491 28593 7 28564 28593 34 28564 28666 4 28637 28666 4 28637 29220
4 29220 29293 4 29264 29293 51 29264 29366 3 29337 29366 48 29337 29439 10 29410 29439 43 29410 29512 16 29483 29512 22 29483 29556
11 2
24 27702 27775 14 27746 27775 46 27746 27848 13 27819 27848 45 27819 27921 10 27892 27921 48 27892 27994 3 27965 27994 51 27965 28067 4 28038 28067 52 28038 28140 5 28111 28140 7 28111 29361
7 29361 29434 5 29405 29434 35 29405 29507 6 29478 29507 10 29478 29580 8 29551 29580 18 29551 29624
11 2
13 28771 29100 18 29071 29100 14 29071 29700
14 29700 29773 6 29744 29773 10 29744 29846 8 29817 29846 18 29817 29890
12 3
24 26648 26721 14 26692 26721 46 26692 26794 13 26765 26794 45 26765 26867 10 26838 26867 48 26838 26940 3 26911 26940 3 26911 27540
3 27540 29220 3 29191 29220 32 29191 29293 7 29264 29293 36 29264 29366 8 29337 29366 18 29337 29410
3 29220 29293 3 29264 29293 48 29264 29366 10 29337 29366 45 29337 29439 13 29410 29439 23 29410 29483
11 2
24 28748 28821 14 28792 28821 38 28792 28894 11 28865 28894 31 28865 28967 2 28938 28967 27 28938 29040 1 29011 29040 1 29011 29580
1 29580 29653 18 29624 29653 13 29624 29953
11 2
13 29251 29580 18 29551 29580 4 29551 30229
4 30229 30302 4 30273 30302 51 30273 30375 3 30346 30375 48 30346 30448 10 30419 30448 43 30419 30521 16 30492 30521 22 30492 30565
11 2
18 28056 28129 8 28100 28129 10 28100 28202 6 28173 28202 11 28173 29820
11 29820 29893 18 29864 29893 13 29864 30193
11 2
21 28870 28943 15 28914 28943 42 28914 29016 12 28987 29016 49 28987 29089 10 29060 29089 48 29060 29162 3 29133 29162 3 29133 29820
3 29820 29893 3 29864 29893 32 29864 29966 7 29937 29966 19 29937 30010
11 2
24 29559 29632 14 29603 29632 46 29603 29705 13 29676 29705 45 29676 29778 10 29749 29778 37 29749 29851 11 29822 29851 16 29822 31260
16 31260 31333 11 31304 31333 37 31304 31406 10 31377 31406 45 31377 31479 13 31450 31479 23 31450 31523
11 2
18 28340 28413 8 28384 28413 10 28384 28486 6 28457 28486 35 28457 28559 5 28530 28559 8 28530 30060
8 30060 30133 18 30104 30133 13 30104 30433
11 2
13 29598 29927 18 29898 29927 3 29898 30889
3 30889 30962 3 30933 30962 33 30933 31035 9 31006 31035 50 31006 31108 12 31079 31108 44 31079 31181 16 31152 31181 22 31152 31225
11 2
24 30274 30347 14 30318 30347 38 30318 30420 11 30391 30420 15 30391 31201
15 31201 31274 11 31245 31274 38 31245 31347 14 31318 31347 47 31318 31420 17 31391 31420 25 31391 31464
11 2
21 29348 29421 15 29392 29421 42 29392 29494 12 29465 29494 49 29465 29567 10 29538 29567 37 29538 29640 11 29611 29640 17 29611 30604
17 30604 30677 11 30648 30677 37 30648 30750 10 30721 30750 45 30721 30823 13 30794 30823 23 30794 30867
11 2
20 30321 30394 9 30365 30394 33 30365 30467 3 30438 30467 51 30438 30540 4 30511 30540 4 30511 31140
4 31140 31213 4 31184 31213 34 31184 31286 7 31257 31286 36 31257 31359 8 31330 31359 18 31330 31403
11 2
24 30608 30681 14 30652 30681 46 30652 30754 13 30725 30754 45 30725 30827 10 30798 30827 48 30798 30900 3 30871 30900 3 30871 31500
3 31500 31573 3 31544 31573 32 31544 31646 7 31617 31646 36 31617 31719 8 31690 31719 18 31690 31763
11 2
18 29108 29181 8 29152 29181 36 29152 29254 7 29225 29254 34 29225 29327 4 29298 29327 52 29298 29400 5 29371 29400 5 29371 30900
5 30900 30973 18 30944 30973 13 30944 31273
11 2
20 28927 29000 9 28971 29000 33 28971 29073 3 29044 29073 29 29044 29146 2 29117 29146 2 29117 30960
2 30960 31033 2 31004 31033 30 31004 31106 10 31077 31106 45 31077 31179 13 31150 31179 23 31150 31223
11 2
13 30091 30420 18 30391 30420 11 30391 32220
11 32220 32293 6 32264 32293 10 32264 32366 8 32337 32366 18 32337 32410
11 2
24 31330 31403 14 31374 31403 38 31374 31476 11 31447 31476 17 31447 32402
17 32402 32475 11 32446 32475 37 32446 32548 10 32519 32548 43 32519 32621 16 32592 32621 22 32592 32665
11 2
13 31471 31800 18 31771 31800 1 31771 32449
1 32449 32522 1 32493 32522 27 32493 32595 2 32566 32595 30 32566 32668 10 32639 32668 43 32639 32741 16 32712 32741 22 32712 32785
11 2
13 31771 32100 18 32071 32100 12 32071 32700
12 32700 32773 6 32744 32773 10 32744 32846 8 32817 32846 18 32817 32890
11 2
13 31411 31740 18 31711 31740 2 31711 32940
2 32940 33013 2 32984 33013 31 32984 33086 11 33057 33086 37 33057 33159 10 33130 33159 43 33130 33232 16 33203 33232 22 33203 33276
11 2
13 32911 33240 18 33211 33240 2 33211 33840
2 33840 33913 2 33884 33913 31 33884 33986 11 33957 33986 37 33957 34059 10 34030 34059 43 34030 34132 16 34103 34132 22 34103 34176
11 2
24 32661 32734 14 32705 32734 38 32705 32807 11 32778 32807 28 32778 32880 1 32851 32880 1 32851 34080
1 34080 34153 1 34124 34153 27 34124 34226 2 34197 34226 29 34197 34299 3 34270 34299 32 34270 34372 7 34343 34372 36 34343 34445 8 34416 34445 18 34416 34489
11 2
20 33334 33407 9 33378 33407 33 33378 33480 3 33451 33480 3 33451 34080
3 34080 34153 3 34124 34153 48 34124 34226 10 34197 34226 43 34197 34299 16 34270 34299 22 34270 34343
11 2
20 33621 33694 9 33665 33694 40 33665 33767 7 33738 33767 34 33738 33840 4 33811 33840 4 33811 34489
4 34489 34562 4 34533 34562 51 34533 34635 3 34606 34635 48 34606 34708 10 34679 34708 43 34679 34781 16 34752 34781 22 34752 34825
11 2
24 33754 33827 14 33798 33827 38 33798 33900 11 33871 33900 15 33871 39420
15 39420 39493 11 39464 39493 37 39464 39566 10 39537 39566 45 39537 39639 13 39610 39639 23 39610 39683
11 2
21 33214 33287 15 33258 33287 41 33258 33360 9 33331 33360 40 33331 33433 7 33404 33433 39 33404 33506 6 33477 33506 35 33477 33579 5 33550 33579 6 33550 34200
6 34200 34273 5 34244 34273 52 34244 34346 4 34317 34346 51 34317 34419 3 34390 34419 48 34390 34492 10 34463 34492 45 34463 34565 13 34536 34565 23 34536 34609
11 2
21 33728 33801 15 33772 33801 42 33772 33874 12 33845 33874 49 33845 33947 10 33918 33947 30 33918 34020 2 33991 34020 2 33991 34620
2 34620 34693 2 34664 34693 30 34664 34766 10 34737 34766 45 34737 34839 13 34810 34839 23 34810 34883
11 2
13 34351 34680 18 34651 34680 1 34651 38880
1 38880 38953 18 38924 38953 13 38924 39253
11 2
21 33321 33394 15 33365 33394 41 33365 33467 9 33438 33467 33 33438 33540 3 33511 33540 3 33511 34740
3 34740 34813 3 34784 34813 32 34784 34886 7 34857 34886 19 34857 34930
11 2
13 34891 35220 18 35191 35220 1 35191 35520
1 35520 35593 1 35564 35593 27 35564 35666 2 35637 35666 30 35637 35739 10 35710 35739 45 35710 35812 13 35783 35812 23 35783 35856
11 2
20 35481 35554 9 35525 35554 40 35525 35627 7 35598 35627 39 35598 35700 6 35671 35700 14 35671 36300
14 36300 36373 6 36344 36373 10 36344 36446 8 36417 36446 18 36417 36490
11 2
13 35791 36120 18 36091 36120 3 36091 36720
3 36720 36793 3 36764 36793 33 36764 36866 9 36837 36866 50 36837 36939 12 36910 36939 44 36910 37012 16 36983 37012 22 36983 37056
21 3
24 35421 35494 14 35465 35494 38 35465 35567 11 35538 35567 28 35538 35640 1 35611 35640 1 35611 37200
20 35648 35721 9 35692 35721 33 35692 35794 3 35765 35794 29 35765 35867 2 35838 35867 27 35838 35940 1 35911 35940 1 35911 37200
1 37200 37273 18 37244 37273 13 37244 37573
11 2
21 35755 35828 15 35799 35828 42 35799 35901 12 35872 35901 49 35872 35974 10 35945 35974 48 35945 36047 3 36018 36047 51 36018 36120 4 36091 36120 4 36091 37297
4 37297 37370 4 37341 37370 34 37341 37443 7 37414 37443 19 37414 37487
11 2
24 36702 36775 14 36746 36775 46 36746 36848 13 36819 36848 45 36819 36921 10 36892 36921 48 36892 36994 3 36965 36994 51 36965 37067 4 37038 37067 52 37038 37140 5 37111 37140 6 37111 37740
6 37740 37813 5 37784 37813 35 37784 37886 6 37857 37886 10 37857 37959 8 37930 37959 18 37930 38003
11 2
21 35635 35708 15 35679 35708 42 35679 35781 12 35752 35781 49 35752 35854 10 35825 35854 37 35825 35927 11 35898 35927 31 35898 36000 2 35971 36000 2 35971 37302
2 37302 37375 2 37346 37375 29 37346 37448 3 37419 37448 32 37419 37521 7 37492 37521 19 37492 37565
11 2
13 36498 36827 18 36798 36827 3 36798 37849
3 37849 37922 3 37893 37922 33 37893 37995 9 37966 37995 50 37966 38068 12 38039 38068 44 38039 38141 16 38112 38141 22 38112 38185
11 2
21 36608 36681 15 36652 36681 41 36652 36754 9 36725 36754 40 36725 36827 7 36798 36827 39 36798 36900 6 36871 36900 11 36871 37800
11 37800 37873 18 37844 37873 13 37844 38173
11 2
21 37028 37101 15 37072 37101 41 37072 37174 9 37145 37174 40 37145 37247 7 37218 37247 39 37218 37320 6 37291 37320 12 37291 37998
12 37998 38071 6 38042 38071 39 38042 38144 7 38115 38144 19 38115 38188
11 2
18 36193 36266 8 36237 36266 10 36237 36339 6 36310 36339 35 36310 36412 5 36383 36412 5 36383 38713
5 38713 38786 18 38757 38786 13 38757 39086
11 2
18 37049 37122 8 37093 37122 36 37093 37195 7 37166 37195 32 37166 37268 3 37239 37268 29 37239 37341 2 37312 37341 27 37312 37414 1 37385 37414 1 37385 38340
1 38340 38413 1 38384 38413 27 38384 38486 2 38457 38486 29 38457 38559 3 38530 38559 32 38530 38632 7 38603 38632 19 38603 38676
11 2
13 38118 38447 18 38418 38447 1 38418 39180
1 39180 39253 1 39224 39253 27 39224 39326 2 39297 39326 30 39297 39399 10 39370 39399 43 39370 39472 16 39443 39472 22 39443 39516
11 2
21 36848 36921 15 36892 36921 41 36892 36994 9 36965 36994 40 36965 37067 7 37038 37067 39 37038 37140 6 37111 37140 14 37111 38640
14 38640 38713 18 38684 38713 13 38684 39013
11 2
20 38601 38674 9 38645 38674 33 38645 38747 3 38718 38747 51 38718 38820 4 38791 38820 4 38791 40398
4 40398 40471 4 40442 40471 34 40442 40544 7 40515 40544 19 40515 40588
11 2
13 38491 38820 18 38791 38820 5 38791 39120
5 39120 39193 5 39164 39193 35 39164 39266 6 39237 39266 39 39237 39339 7 39310 39339 19 39310 39383
11 2
21 38155 38228 15 38199 38228 41 38199 38301 9 38272 38301 33 38272 38374 3 38345 38374 51 38345 38447 4 38418 38447 52 38418 38520 5 38491 38520 6 38491 39120
6 39120 39193 18 39164 39193 13 39164 39493
11 2
18 38314 38387 8 38358 38387 10 38358 38460 6 38431 38460 12 38431 39360
12 39360 39433 18 39404 39433 13 39404 39733
11 2
18 37560 37633 8 37604 37633 10 37604 37706 6 37677 37706 35 37677 37779 5 37750 37779 7 37750 39540
7 39540 39613 5 39584 39613 52 39584 39686 4 39657 39686 34 39657 39759 7 39730 39759 19 39730 39803
11 2
18 38708 38781 8 38752 38781 36 38752 38854 7 38825 38854 32 38825 38927 3 38898 38927 29 38898 39000 2 38971 39000 2 38971 39964
2 39964 40037 2 40008 40037 30 40008 40110 10 40081 40110 45 40081 40183 13 40154 40183 23 40154 40227
11 2
21 39141 39214 15 39185 39214 41 39185 39287 9 39258 39287 33 39258 39360 3 39331 39360 3 39331 40260
3 40260 40333 3 40304 40333 48 40304 40406 10 40377 40406 45 40377 40479 13 40450 40479 23 40450 40523
11 2
13 40169 40498 18 40469 40498 5 40469 43980
5 43980 44053 18 44024 44053 13 44024 44353
11 2
20 40461 40534 9 40505 40534 40 40505 40607 7 40578 40607 39 40578 40680 6 40651 40680 14 40651 41280
14 41280 41353 6 41324 41353 10 41324 41426 8 41397 41426 18 41397 41470
11 2
13 40351 40680 18 40651 40680 2 40651 41880
2 41880 41953 2 41924 41953 30 41924 42026 10 41997 42026 43 41997 42099 16 42070 42099 22 42070 42143
11 2
20 41528 41601 9 41572 41601 40 41572 41674 7 41645 41674 34 41645 41747 4 41718 41747 52 41718 41820 5 41791 41820 6 41791 42420
6 42420 42493 18 42464 42493 13 42464 42793
11 2
13 42091 42420 18 42391 42420 8 42391 46080
8 46080 46153 18 46124 46153 13 46124 46453
11 2
18 42308 42381 8 42352 42381 36 42352 42454 7 42425 42454 32 42425 42527 3 42498 42527 29 42498 42600 2 42571 42600 2 42571 43500
2 43500 43573 2 43544 43573 30 43544 43646 10 43617 43646 45 43617 43719 13 43690 43719 23 43690 43763
11 2
20 43557 43630 9 43601 43630 33 43601 43703 3 43674 43703 3 43674 44340
3 44340 44413 3 44384 44413 48 44384 44486 10 44457 44486 43 44457 44559 16 44530 44559 22 44530 44603
11 2
21 43028 43101 15 43072 43101 41 43072 43174 9 43145 43174 40 43145 43247 7 43218 43247 39 43218 43320 6 43291 43320 11 43291 44820
11 44820 44893 18 44864 44893 13 44864 45193
11 2
18 43448 43521 8 43492 43521 36 43492 43594 7 43565 43594 32 43565 43667 3 43638 43667 29 43638 43740 2 43711 43740 2 43711 44640
2 44640 44713 2 44684 44713 29 44684 44786 3 44757 44786 32 44757 44859 7 44830 44859 19 44830 44903
11 2
21 43450 43523 15 43494 43523 41 43494 43596 9 43567 43596 40 43567 43669 7 43640 43669 34 43640 43742 4 43713 43742 4 43713 44700
4 44700 44773 18 44744 44773 13 44744 45073
11 2
20 44734 44807 9 44778 44807 33 44778 44880 3 44851 44880 3 44851 45480
3 45480 45553 3 45524 45553 33 45524 45626 9 45597 45626 50 45597 45699 12 45670 45699 44 45670 45772 16 45743 45772 22 45743 45816
11 2
13 44671 45000 18 44971 45000 1 44971 45600
1 45600 45673 1 45644 45673 28 45644 45746 11 45717 45746 37 45717 45819 10 45790 45819 43 45790 45892 16 45863 45892 22 45863 45936
11 2
13 44851 45180 18 45151 45180 14 45151 46980
14 46980 47053 6 47024 47053 10 47024 47126 8 47097 47126 18 47097 47170
11 2
24 45910 45983 14 45954 45983 38 45954 46056 11 46027 46056 15 46027 47100
15 47100 47173 11 47144 47173 37 47144 47246 10 47217 47246 45 47217 47319 13 47290 47319 23 47290 47363
11 2
13 45691 46020 18 45991 46020 5 45991 46320
5 46320 46393 5 46364 46393 35 46364 46466 6 46437 46466 39 46437 46539 7 46510 46539 19 46510 46583
11 2
13 46171 46500 18 46471 46500 8 46471 49320
8 49320 49393 18 49364 49393 13 49364 49693
11 2
20 46774 46847 9 46818 46847 33 46818 46920 3 46891 46920 3 46891 47564
3 47564 47637 3 47608 47637 32 47608 47710 7 47681 47710 36 47681 47783 8 47754 47783 18 47754 47827
11 2
13 46771 47100 18 47071 47100 2 47071 47700
2 47700 47773 2 47744 47773 30 47744 47846 10 47817 47846 43 47817 47919 16 47890 47919 22 47890 47963
11 2
13 46411 46740 18 46711 46740 1 46711 51660
1 51660 51733 18 51704 51733 13 51704 52033
11 2
21 46570 46643 15 46614 46643 41 46614 46716 9 46687 46716 40 46687 46789 7 46760 46789 34 46760 46862 4 46833 46862 4 46833 47598
4 47598 47671 4 47642 47671 34 47642 47744 7 47715 47744 19 47715 47788
11 2
20 43664 43737 9 43708 43737 33 43708 43810 3 43781 43810 51 43781 43883 4 43854 43883 52 43854 43956 5 43927 43956 6 43927 47580
6 47580 47653 18 47624 47653 13 47624 47953
11 2
20 47254 47327 9 47298 47327 40 47298 47400 7 47371 47400 39 47371 47473 6 47444 47473 35 47444 47546 5 47517 47546 5 47517 48240
5 48240 48313 5 48284 48313 52 48284 48386 4 48357 48386 51 48357 48459 3 48430 48459 48 48430 48532 10 48503 48532 43 48503 48605 16 48576 48605 22 48576 48649
11 2
18 46461 46534 8 46505 46534 10 46505 46607 6 46578 46607 35 46578 46680 5 46651 46680 7 46651 48180
7 48180 48253 5 48224 48253 35 48224 48326 6 48297 48326 39 48297 48399 7 48370 48399 19 48370 48443
11 2
21 47288 47361 15 47332 47361 41 47332 47434 9 47405 47434 40 47405 47507 7 47478 47507 39 47478 47580 6 47551 47580 11 47551 48480
11 48480 48553 18 48524 48553 13 48524 48853
11 2
13 48811 49140 18 49111 49140 14 49111 49740
14 49740 49813 6 49784 49813 10 49784 49886 8 49857 49886 18 49857 49930
11 2
18 48514 48587 8 48558 48587 10 48558 48660 6 48631 48660 11 48631 49560
11 49560 49633 18 49604 49633 13 49604 49933
11 2
24 49894 49967 14 49938 49967 38 49938 50040 11 50011 50040 15 50011 50640
15 50640 50713 11 50684 50713 38 50684 50786 14 50757 50786 47 50757 50859 17 50830 50859 26 50830 50903
11 2
20 49941 50014 9 49985 50014 33 49985 50087 3 50058 50087 29 50058 50160 2 50131 50160 2 50131 50760
2 50760 50833 18 50804 50833 13 50804 51133
11 2
13 49531 49860 18 49831 49860 14 49831 51197
14 51197 51270 6 51241 51270 10 51241 51343 8 51314 51343 18 51314 51387
11 2
20 50467 50540 9 50511 50540 33 50511 50613 3 50584 50613 51 50584 50686 4 50657 50686 4 50657 51364
4 51364 51437 4 51408 51437 34 51408 51510 7 51481 51510 36 51481 51583 8 51554 51583 18 51554 51627
11 2
18 49460 49533 8 49504 49533 10 49504 49606 6 49577 49606 35 49577 49679 5 49650 49679 8 49650 51180
8 51180 51253 18 51224 51253 13 51224 51553
11 2
13 50671 51000 18 50971 51000 12 50971 52200
12 52200 52273 6 52244 52273 10 52244 52346 8 52317 52346 18 52317 52390
11 2
13 51151 51480 18 51451 51480 7 51451 53880
7 53880 53953 5 53924 53953 35 53924 54026 6 53997 54026 10 53997 54099 8 54070 54099 18 54070 54143
11 2
18 51081 51154 8 51125 51154 36 51125 51227 7 51198 51227 32 51198 51300 3 51271 51300 3 51271 52800
3 52800 52873 18 52844 52873 13 52844 53173
11 2
18 51188 51261 8 51232 51261 36 51232 51334 7 51305 51334 32 51305 51407 3 51378 51407 29 51378 51480 2 51451 51480 2 51451 53040
2 53040 53113 18 53084 53113 13 53084 53413
11 2
13 49291 49620 18 49591 49620 6 49591 50220
6 50220 50293 5 50264 50293 35 50264 50366 6 50337 50366 10 50337 50439 8 50410 50439 18 50410 50483
11 2
18 52533 52606 8 52577 52606 10 52577 52679 6 52650 52679 11 52650 53580
11 53580 53653 18 53624 53653 13 53624 53953
11 2
18 51788 51861 8 51832 51861 36 51832 51934 7 51905 51934 34 51905 52007 4 51978 52007 52 51978 52080 5 52051 52080 5 52051 53520
5 53520 53593 5 53564 53593 52 53564 53666 4 53637 53666 34 53637 53739 7 53710 53739 19 53710 53783
11 2
13 52818 53147 18 53118 53147 2 53118 54266
2 54266 54339 18 54310 54339 13 54310 54639
11 2
18 52640 52713 8 52684 52713 10 52684 52786 6 52757 52786 35 52757 52859 5 52830 52859 6 52830 53914
6 53914 53987 5 53958 53987 52 53958 54060 4 54031 54060 34 54031 54133 7 54104 54133 19 54104 54177
11 2
13 54151 54480 18 54451 54480 2 54451 54960
2 54960 55033 2 55004 55033 30 55004 55106 10 55077 55106 49 55077 55179 12 55150 55179 42 55150 55252 15 55223 55252 21 55223 55296
11 2
13 53791 54120 18 54091 54120 12 54091 55920
12 55920 55993 6 55964 55993 10 55964 56066 8 56037 56066 18 56037 56110
11 2
24 53866 53939 14 53910 53939 46 53910 54012 13 53983 54012 45 53983 54085 10 54056 54085 48 54056 54158 3 54129 54158 51 54129 54231 4 54202 54231 4 54202 54780
4 54780 54853 18 54824 54853 13 54824 55153
21 3
24 54850 54923 14 54894 54923 38 54894 54996 11 54967 54996 17 54967 56460
24 55354 55427 14 55398 55427 38 55398 55500 11 55471 55500 17 55471 56460
17 56460 56533 11 56504 56533 37 56504 56606 10 56577 56606 45 56577 56679 13 56650 56679 23 56650 56723
11 2
13 55231 55560 18 55531 55560 2 55531 56160
2 56160 56233 2 56204 56233 31 56204 56306 11 56277 56306 37 56277 56379 10 56350 56379 45 56350 56452 13 56423 56452 23 56423 56496
11 2
24 55821 55894 14 55865 55894 38 55865 55967 11 55938 55967 28 55938 56040 1 56011 56040 1 56011 59160
1 59160 59233 18 59204 59233 13 59204 59533
11 2
21 55301 55374 15 55345 55374 41 55345 55447 9 55418 55447 33 55418 55520 3 55491 55520 3 55491 56220
3 56220 56293 3 56264 56293 32 56264 56366 7 56337 56366 19 56337 56410
11 2
24 56048 56121 14 56092 56121 46 56092 56194 13 56165 56194 45 56165 56267 10 56238 56267 48 56238 56340 3 56311 56340 3 56311 57480
3 57480 57553 3 57524 57553 32 57524 57626 7 57597 57626 36 57597 57699 8 57670 57699 18 57670 57743
11 2
13 55591 55920 18 55891 55920 6 55891 59820
6 59820 59893 18 59864 59893 13 59864 60193
21 3
20 56301 56374 9 56345 56374 40 56345 56447 7 56418 56447 34 56418 56520 4 56491 56520 4 56491 61860
18 59241 59314 8 59285 59314 36 59285 59387 7 59358 59387 34 59358 59460 4 59431 59460 4 59431 61860
4 61860 61933 4 61904 61933 51 61904 62006 3 61977 62006 48 61977 62079 10 62050 62079 45 62050 62152 13 62123 62152 23 62123 62196
11 2
24 56890 56963 14 56934 56963 38 56934 57036 11 57007 57036 16 57007 57900
16 57900 57973 11 57944 57973 37 57944 58046 10 58017 58046 45 58017 58119 13 58090 58119 23 58090 58163
11 2
21 56050 56123 15 56094 56123 42 56094 56196 12 56167 56196 49 56167 56269 10 56240 56269 30 56240 56342 2 56313 56342 2 56313 57300
2 57300 57373 18 57344 57373 13 57344 57673
11 2
24 57790 57863 14 57834 57863 38 57834 57936 11 57907 57936 15 57907 60060
15 60060 60133 11 60104 60133 37 60104 60206 10 60177 60206 45 60177 60279 13 60250 60279 23 60250 60323
11 2
18 57140 57213 8 57184 57213 36 57184 57286 7 57257 57286 32 57257 57359 3 57330 57359 3 57330 58260
3 58260 58333 3 58304 58333 48 58304 58406 10 58377 58406 45 58377 58479 13 58450 58479 23 58450 58523
11 2
18 57062 57135 8 57106 57135 10 57106 57208 6 57179 57208 35 57179 57281 5 57252 57281 5 57252 58860
5 58860 58933 18 58904 58933 13 58904 59233
11 2
18 58430 58503 8 58474 58503 36 58474 58576 7 58547 58576 32 58547 58649 3 58620 58649 3 58620 59700
3 59700 59773 3 59744 59773 48 59744 59846 10 59817 59846 45 59817 59919 13 59890 59919 23 59890 59963
11 2
18 58508 58581 8 58552 58581 10 58552 58654 6 58625 58654 35 58625 58727 5 58698 58727 9 58698 59705
9 59705 59778 5 59749 59778 52 59749 59851 4 59822 59851 34 59822 59924 7 59895 59924 19 59895 59968
11 2
18 58928 59001 8 58972 59001 10 58972 59074 6 59045 59074 35 59045 59147 5 59118 59147 8 59118 60120
8 60120 60193 5 60164 60193 52 60164 60266 4 60237 60266 34 60237 60339 7 60310 60339 19 60310 60383
11 2
24 60141 60214 14 60185 60214 38 60185 60287 11 60258 60287 28 60258 60360 1 60331 60360 1 60331 62400
1 62400 62473 1 62444 62473 27 62444 62546 2 62517 62546 29 62517 62619 3 62590 62619 32 62590 62692 7 62663 62692 19 62663 62736
11 2
21 59288 59361 15 59332 59361 41 59332 59434 9 59405 59434 40 59405 59507 7 59478 59507 39 59478 59580 6 59551 59580 12 59551 60480
12 60480 60553 18 60524 60553 13 60524 60853
11 2
18 59780 59853 8 59824 59853 10 59824 59926 6 59897 59926 35 59897 59999 5 59970 59999 9 59970 61500
9 61500 61573 18 61544 61573 13 61544 61873
11 2
24 60934 61007 14 60978 61007 38 60978 61080 11 61051 61080 16 61051 62824
16 62824 62897 11 62868 62897 37 62868 62970 10 62941 62970 45 62941 63043 13 63014 63043 23 63014 63087
11 2
21 60190 60263 15 60234 60263 41 60234 60336 9 60307 60336 40 60307 60409 7 60380 60409 39 60380 60482 6 60453 60482 14 60453 61218
14 61218 61291 6 61262 61291 39 61262 61364 7 61335 61364 19 61335 61408
11 2
20 59207 59280 9 59251 59280 40 59251 59353 7 59324 59353 39 59324 59426 6 59397 59426 35 59397 59499 5 59470 59499 7 59470 61440
7 61440 61513 18 61484 61513 13 61484 61813
11 2
20 63788 63861 9 63832 63861 33 63832 63934 3 63905 63934 51 63905 64007 4 63978 64007 52 63978 64080 5 64051 64080 5 64051 64980
5 64980 65053 18 65024 65053 13 65024 65353
11 2
20 61474 61547 9 61518 61547 33 61518 61620 3 61591 61620 29 61591 61693 2 61664 61693 2 61664 63360
2 63360 63433 2 63404 63433 29 63404 63506 3 63477 63506 32 63477 63579 7 63550 63579 36 63550 63652 8 63623 63652 18 63623 63696
11 2
21 61270 61343 15 61314 61343 41 61314 61416 9 61387 61416 40 61387 61489 7 61460 61489 39 61460 61562 6 61533 61562 12 61533 62520
12 62520 62593 18 62564 62593 13 62564 62893
11 2
18 61641 61714 8 61685 61714 10 61685 61787 6 61758 61787 35 61758 61860 5 61831 61860 9 61831 62760
9 62760 62833 18 62804 62833 13 62804 63133
11 2
24 62710 62783 14 62754 62783 46 62754 62856 13 62827 62856 45 62827 62929 10 62900 62929 48 62900 63002 3 62973 63002 3 62973 65760
3 65760 65833 18 65804 65833 13 65804 66133
11 2
18 61184 61257 8 61228 61257 36 61228 61330 7 61301 61330 34 61301 61403 4 61374 61403 52 61374 61476 5 61447 61476 5 61447 63827
5 63827 63900 5 63871 63900 52 63871 63973 4 63944 63973 34 63944 64046 7 64017 64046 19 64017 64090
11 2
21 62290 62363 15 62334 62363 41 62334 62436 9 62407 62436 33 62407 62509 3 62480 62509 51 62480 62582 4 62553 62582 4 62553 63540
4 63540 63613 18 63584 63613 13 63584 63913
11 2
13 63211 63540 18 63511 63540 11 63511 68280
11 68280 68353 18 68324 68353 13 68324 68653
11 2
18 62528 62601 8 62572 62601 10 62572 62674 6 62645 62674 12 62645 63780
12 63780 63853 6 63824 63853 39 63824 63926 7 63897 63926 19 63897 63970
11 2
24 61930 62003 14 61974 62003 38 61974 62076 11 62047 62076 17 62047 63780
17 63780 63853 11 63824 63853 37 63824 63926 10 63897 63926 45 63897 63999 13 63970 63999 23 63970 64043
11 2
24 63850 63923 14 63894 63923 38 63894 63996 11 63967 63996 17 63967 65460
17 65460 65533 11 65504 65533 37 65504 65606 10 65577 65606 45 65577 65679 13 65650 65679 23 65650 65723
11 2
21 63010 63083 15 63054 63083 41 63054 63156 9 63127 63156 40 63127 63229 7 63200 63229 39 63200 63302 6 63273 63302 14 63273 64260
14 64260 64333 18 64304 64333 13 64304 64633
11 2
24 64150 64223 14 64194 64223 38 64194 64296 11 64267 64296 15 64267 65164
15 65164 65237 11 65208 65237 37 65208 65310 10 65281 65310 45 65281 65383 13 65354 65383 23 65354 65427
11 2
13 63318 63647 18 63618 63647 4 63618 64500
4 64500 64573 4 64544 64573 51 64544 64646 3 64617 64646 48 64617 64719 10 64690 64719 45 64690 64792 13 64763 64792 23 64763 64836
11 2
18 63741 63814 8 63785 63814 10 63785 63887 6 63858 63887 35 63858 63960 5 63931 63960 6 63931 64800
6 64800 64873 5 64844 64873 52 64844 64946 4 64917 64946 51 64917 65019 3 64990 65019 48 64990 65092 10 65063 65092 45 65063 65165 13 65136 65165 23 65136 65209
11 2
18 63980 64053 8 64024 64053 10 64024 64126 6 64097 64126 35 64097 64199 5 64170 64199 7 64170 65100
7 65100 65173 5 65144 65173 35 65144 65246 6 65217 65246 39 65217 65319 7 65290 65319 19 65290 65363
11 2
18 64221 64294 8 64265 64294 10 64265 64367 6 64338 64367 35 64338 64440 5 64411 64440 9 64411 65405
9 65405 65478 5 65449 65478 35 65449 65551 6 65522 65551 39 65522 65624 7 65595 65624 19 65595 65668
11 2
24 64281 64354 14 64325 64354 38 64325 64427 11 64398 64427 28 64398 64500 1 64471 64500 1 64471 65520
1 65520 65593 18 65564 65593 13 65564 65893
11 2
20 65048 65121 9 65092 65121 40 65092 65194 7 65165 65194 34 65165 65267 4 65238 65267 52 65238 65340 5 65311 65340 5 65311 68280
5 68280 68353 5 68324 68353 52 68324 68426 4 68397 68426 34 68397 68499 7 68470 68499 19 68470 68543
11 2
24 65854 65927 14 65898 65927 38 65898 66000 11 65971 66000 17 65971 67260
17 67260 67333 11 67304 67333 37 67304 67406 10 67377 67406 45 67377 67479 13 67450 67479 23 67450 67523
11 2
18 64413 64486 8 64457 64486 10 64457 64559 6 64530 64559 14 64530 66060
14 66060 66133 18 66104 66133 13 66104 66433
11 2
13 64471 64800 18 64771 64800 8 64771 66360
8 66360 66433 18 66404 66433 13 66404 66733
11 2
13 66091 66420 18 66391 66420 3 66391 67069
3 67069 67142 3 67113 67142 48 67113 67215 10 67186 67215 43 67186 67288 16 67259 67288 22 67259 67332
11 2
20 66321 66394 9 66365 66394 40 66365 66467 7 66438 66467 39 66438 66540 6 66511 66540 14 66511 67260
14 67260 67333 6 67304 67333 39 67304 67406 7 67377 67406 19 67377 67450
11 2
18 65554 65627 8 65598 65627 10 65598 65700 6 65671 65700 12 65671 66600
12 66600 66673 18 66644 66673 13 66644 66973
11 2
13 65851 66180 18 66151 66180 2 66151 66600
2 66600 66673 2 66644 66673 30 66644 66746 10 66717 66746 45 66717 66819 13 66790 66819 23 66790 66863
11 2
13 65131 65460 18 65431 65460 7 65431 67320
7 67320 67393 5 67364 67393 35 67364 67466 6 67437 67466 39 67437 67539 7 67510 67539 19 67510 67583
11 2
13 66451 66780 18 66751 66780 8 66751 69900
8 69900 69973 18 69944 69973 13 69944 70273
11 2
24 66741 66814 14 66785 66814 38 66785 66887 11 66858 66887 28 66858 66960 1 66931 66960 1 66931 70140
1 70140 70213 18 70184 70213 13 70184 70513
11 2
13 66691 67020 18 66991 67020 9 66991 70440
9 70440 70513 5 70484 70513 35 70484 70586 6 70557 70586 39 70557 70659 7 70630 70659 19 70630 70703
11 2
13 67051 67380 18 67351 67380 6 67351 69180
6 69180 69253 5 69224 69253 52 69224 69326 4 69297 69326 34 69297 69399 7 69370 69399 36 69370 69472 8 69443 69472 18 69443 69516
11 2
13 67291 67620 18 67591 67620 2 67591 68220
2 68220 68293 2 68264 68293 30 68264 68366 10 68337 68366 43 68337 68439 16 68410 68439 22 68410 68483
11 2
24 67534 67607 14 67578 67607 38 67578 67680 11 67651 67680 16 67651 68940
16 68940 69013 11 68984 69013 37 68984 69086 10 69057 69086 45 69057 69159 13 69130 69159 23 69130 69203
11 2
20 67701 67774 9 67745 67774 40 67745 67847 7 67818 67847 34 67818 67920 4 67891 67920 4 67891 68520
4 68520 68593 4 68564 68593 51 68564 68666 3 68637 68666 48 68637 68739 10 68710 68739 43 68710 68812 16 68783 68812 22 68783 68856
11 2
18 66274 66347 8 66318 66347 10 66318 66420 6 66391 66420 11 66391 67920
11 67920 67993 18 67964 67993 13 67964 68293
11 2
24 67894 67967 14 67938 67967 38 67938 68040 11 68011 68040 17 68011 70500
17 70500 70573 11 70544 70573 37 70544 70646 10 70617 70646 45 70617 70719 13 70690 70719 23 70690 70763
11 2
13 68371 68700 18 68671 68700 3 68671 69300
3 69300 69373 3 69344 69373 48 69344 69446 10 69417 69446 43 69417 69519 16 69490 69519 22 69490 69563
11 2
13 68851 69180 18 69151 69180 12 69151 70471
12 70471 70544 6 70515 70544 10 70515 70617 8 70588 70617 18 70588 70661
11 2
20 68661 68734 9 68705 68734 40 68705 68807 7 68778 68807 39 68778 68880 6 68851 68880 11 68851 69180
11 69180 69253 18 69224 69253 13 69224 69553
11 2
24 69130 69203 14 69174 69203 38 69174 69276 11 69247 69276 16 69247 70860
16 70860 70933 11 70904 70933 37 70904 71006 10 70977 71006 45 70977 71079 13 71050 71079 23 71050 71123
11 2
20 69321 69394 9 69365 69394 40 69365 69467 7 69438 69467 39 69438 69540 6 69511 69540 11 69511 75600
11 75600 75673 6 75644 75673 39 75644 75746 7 75717 75746 19 75717 75790
11 2
24 69457 69530 14 69501 69530 46 69501 69603 13 69574 69603 45 69574 69676 10 69647 69676 48 69647 69749 3 69720 69749 3 69720 70320
3 70320 70393 3 70364 70393 32 70364 70466 7 70437 70466 36 70437 70539 8 70510 70539 18 70510 70583
11 2
13 68958 69287 18 69258 69287 6 69258 70740
6 70740 70813 18 70784 70813 13 70784 71113
11 2
21 68948 69021 15 68992 69021 41 68992 69094 9 69065 69094 33 69065 69167 3 69138 69167 29 69138 69240 2 69211 69240 2 69211 69845
2 69845 69918 2 69889 69918 29 69889 69991 3 69962 69991 32 69962 70064 7 70035 70064 19 70035 70108
11 2
13 69091 69420 18 69391 69420 5 69391 72180
5 72180 72253 18 72224 72253 13 72224 72553
11 2
13 70171 70500 18 70471 70500 14 70471 71700
14 71700 71773 6 71744 71773 10 71744 71846 8 71817 71846 18 71817 71890
11 2
13 70651 70980 18 70951 70980 1 70951 73200
1 73200 73273 18 73244 73273 13 73244 73573
11 2
13 70518 70847 18 70818 70847 6 70818 71525
6 71525 71598 5 71569 71598 35 71569 71671 6 71642 71671 39 71642 71744 7 71715 71744 19 71715 71788
11 2
24 71202 71275 14 71246 71275 46 71246 71348 13 71319 71348 45 71319 71421 10 71392 71421 48 71392 71494 3 71465 71494 51 71465 71567 4 71538 71567 52 71538 71640 5 71611 71640 6 71611 72240
6 72240 72313 5 72284 72313 35 72284 72386 6 72357 72386 39 72357 72459 7 72430 72459 40 72430 72532 9 72503 72532 50 72503 72605 12 72576 72605 44 72576 72678 16 72649 72678 22 72649 72722
11 2
20 71647 71720 9 71691 71720 33 71691 71793 3 71764 71793 29 71764 71866 2 71837 71866 2 71837 72589
2 72589 72662 2 72633 72662 31 72633 72735 11 72706 72735 37 72706 72808 10 72779 72808 43 72779 72881 16 72852 72881 22 72852 72925
11 2
13 71131 71460 18 71431 71460 3 71431 72667
3 72667 72740 3 72711 72740 33 72711 72813 9 72784 72813 50 72784 72886 12 72857 72886 44 72857 72959 16 72930 72959 22 72930 73003
11 2
20 72021 72094 9 72065 72094 40 72065 72167 7 72138 72167 39 72138 72240 6 72211 72240 12 72211 72780
12 72780 72853 6 72824 72853 10 72824 72926 8 72897 72926 18 72897 72970
11 2
13 71478 71807 18 71778 71807 14 71778 75600
14 75600 75673 18 75644 75673 13 75644 75973
11 2
24 71395 71468 14 71439 71468 46 71439 71541 13 71512 71541 45 71512 71614 10 71585 71614 48 71585 71687 3 71658 71687 51 71658 71760 4 71731 71760 4 71731 73502
4 73502 73575 4 73546 73575 51 73546 73648 3 73619 73648 48 73619 73721 10 73692 73721 43 73692 73794 16 73765 73794 22 73765 73838
11 2
24 72404 72477 14 72448 72477 46 72448 72550 13 72521 72550 45 72521 72623 10 72594 72623 30 72594 72696 2 72667 72696 2 72667 72780
2 72780 72853 18 72824 72853 13 72824 73153
11 2
13 72558 72887 18 72858 72887 2 72858 73609
2 73609 73682 2 73653 73682 31 73653 73755 11 73726 73755 37 73726 73828 10 73799 73828 43 73799 73901 16 73872 73901 22 73872 73945
11 2
24 73210 73283 14 73254 73283 38 73254 73356 11 73327 73356 17 73327 76260
17 76260 76333 11 76304 76333 37 76304 76406 10 76377 76406 45 76377 76479 13 76450 76479 23 76450 76523
11 2
13 73831 74160 18 74131 74160 2 74131 75360
2 75360 75433 2 75404 75433 31 75404 75506 11 75477 75506 37 75477 75579 10 75550 75579 43 75550 75652 16 75623 75652 22 75623 75696
11 2
13 73651 73980 18 73951 73980 3 73951 75844
3 75844 75917 3 75888 75917 32 75888 75990 7 75961 75990 36 75961 76063 8 76034 76063 18 76034 76107
11 2
20 74228 74301 9 74272 74301 40 74272 74374 7 74345 74374 34 74345 74447 4 74418 74447 52 74418 74520 5 74491 74520 5 74491 76500
5 76500 76573 5 76544 76573 35 76544 76646 6 76617 76646 10 76617 76719 8 76690 76719 18 76690 76763
11 2
13 73891 74220 18 74191 74220 1 74191 75394
1 75394 75467 1 75438 75467 27 75438 75540 2 75511 75540 31 75511 75613 11 75584 75613 37 75584 75686 10 75657 75686 45 75657 75759 13 75730 75759 23 75730 75803
11 2
20 75261 75334 9 75305 75334 33 75305 75407 3 75378 75407 29 75378 75480 2 75451 75480 2 75451 76202
2 76202 76275 2 76246 76275 30 76246 76348 10 76319 76348 43 76319 76421 16 76392 76421 22 76392 76465
11 2
20 74948 75021 9 74992 75021 40 74992 75094 7 75065 75094 39 75065 75167 6 75138 75167 35 75138 75240 5 75211 75240 6 75211 76800
6 76800 76873 5 76844 76873 35 76844 76946 6 76917 76946 10 76917 77019 8 76990 77019 18 76990 77063
11 2
24 76330 76403 14 76374 76403 38 76374 76476 11 76447 76476 16 76447 79200
16 79200 79273 11 79244 79273 37 79244 79346 10 79317 79346 45 79317 79419 13 79390 79419 23 79390 79463
11 2
13 76278 76607 18 76578 76607 5 76578 78000
5 78000 78073 5 78044 78073 35 78044 78146 6 78117 78146 10 78117 78219 8 78190 78219 18 78190 78263
11 2
13 76771 77100 18 77071 77100 11 77071 78391
11 78391 78464 6 78435 78464 10 78435 78537 8 78508 78537 18 78508 78581
11 2
24 77290 77363 14 77334 77363 46 77334 77436 13 77407 77436 45 77407 77509 10 77480 77509 48 77480 77582 3 77553 77582 3 77553 78240
3 78240 78313 3 78284 78313 32 78284 78386 7 78357 78386 36 78357 78459 8 78430 78459 18 78430 78503
11 2
13 78031 78360 18 78331 78360 14 78331 79560
14 79560 79633 6 79604 79633 10 79604 79706 8 79677 79706 18 79677 79750
11 2
13 77671 78000 18 77971 78000 6 77971 79800
6 79800 79873 5 79844 79873 35 79844 79946 6 79917 79946 39 79917 80019 7 79990 80019 19 79990 80063
11 2
24 72850 72923 14 72894 72923 38 72894 72996 11 72967 72996 16 72967 73800
16 73800 73873 11 73844 73873 37 73844 73946 10 73917 73946 43 73917 74019 16 73990 74019 22 73990 74063
11 2
20 80827 80900 9 80871 80900 33 80871 80973 3 80944 80973 29 80944 81046 2 81017 81046 2 81017 83400
2 83400 83473 2 83444 83473 29 83444 83546 3 83517 83546 32 83517 83619 7 83590 83619 19 83590 83663
11 2
21 81310 81383 15 81354 81383 42 81354 81456 12 81427 81456 49 81427 81529 10 81500 81529 48 81500 81602 3 81573 81602 3 81573 82338
3 82338 82411 3 82382 82411 32 82382 82484 7 82455 82484 19 82455 82528
11 2
13 83791 84120 18 84091 84120 1 84091 85320
1 85320 85393 1 85364 85393 27 85364 85466 2 85437 85466 30 85437 85539 10 85510 85539 45 85510 85612 13 85583 85612 23 85583 85656
11 2
13 84871 85200 18 85171 85200 11 85171 87000
11 87000 87073 6 87044 87073 10 87044 87146 8 87117 87146 18 87117 87190
11 2
13 85411 85740 18 85711 85740 5 85711 88140
5 88140 88213 5 88184 88213 35 88184 88286 6 88257 88286 10 88257 88359 8 88330 88359 18 88330 88403