247
11 2
20 1808 1881 9 1852 1881 40 1852 1954 7 1925 1954 39 1925 2027 6 1998 2027 35 1998 2100 5 2071 2100 7 2071 3300
7 3300 3373 5 3344 3373 52 3344 3446 4 3417 3446 34 3417 3519 7 3490 3519 36 3490 3592 8 3563 3592 18 3563 3636
11 2
18 7281 7354 8 7325 7354 10 7325 7427 6 7398 7427 35 7398 7500 5 7471 7500 8 7471 9000
8 9000 9073 5 9044 9073 52 9044 9146 4 9117 9146 34 9117 9219 7 9190 9219 19 9190 9263
11 2
20 9668 9741 9 9712 9741 40 9712 9814 7 9785 9814 34 9785 9887 4 9858 9887 52 9858 9960 5 9931 9960 5 9931 11160
5 11160 11233 5 11204 11233 35 11204 11306 6 11277 11306 10 11277 11379 8 11350 11379 18 11350 11423
11 2
20 10221 10294 9 10265 10294 33 10265 10367 3 10338 10367 29 10338 10440 2 10411 10440 2 10411 11040
2 11040 11113 2 11084 11113 30 11084 11186 10 11157 11186 43 11157 11259 16 11230 11259 22 11230 11303
11 2
21 10555 10628 15 10599 10628 42 10599 10701 12 10672 10701 49 10672 10774 10 10745 10774 48 10745 10847 3 10818 10847 51 10818 10920 4 10891 10920 4 10891 11520
4 11520 11593 4 11564 11593 34 11564 11666 7 11637 11666 19 11637 11710
11 2
21 13388 13461 15 13432 13461 41 13432 13534 9 13505 13534 33 13505 13607 3 13578 13607 51 13578 13680 4 13651 13680 4 13651 14580
4 14580 14653 18 14624 14653 13 14624 14953
11 2
18 13508 13581 8 13552 13581 36 13552 13654 7 13625 13654 34 13625 13727 4 13698 13727 52 13698 13800 5 13771 13800 5 13771 14700
5 14700 14773 5 14744 14773 35 14744 14846 6 14817 14846 39 14817 14919 7 14890 14919 19 14890 14963
11 2
20 15501 15574 9 15545 15574 40 15545 15647 7 15618 15647 34 15618 15720 4 15691 15720 4 15691 16320
4 16320 16393 4 16364 16393 51 16364 16466 3 16437 16466 33 16437 16539 9 16510 16539 50 16510 16612 12 16583 16612 44 16583 16685 16 16656 16685 22 16656 16729
11 2
21 15295 15368 15 15339 15368 41 15339 15441 9 15412 15441 40 15412 15514 7 15485 15514 39 15485 15587 6 15558 15587 35 15558 15660 5 15631 15660 7 15631 16560
7 16560 16633 18 16604 16633 13 16604 16933
11 2
24 15235 15308 14 15279 15308 46 15279 15381 13 15352 15381 45 15352 15454 10 15425 15454 37 15425 15527 11 15498 15527 28 15498 15600 1 15571 15600 1 15571 16200
1 16200 16273 18 16244 16273 13 16244 16573
11 2
21 15908 15981 15 15952 15981 42 15952 16054 12 16025 16054 49 16025 16127 10 16098 16127 37 16098 16200 11 16171 16200 16 16171 17100
16 17100 17173 11 17144 17173 37 17144 17246 10 17217 17246 45 17217 17319 13 17290 17319 23 17290 17363
11 2
18 15634 15707 8 15678 15707 10 15678 15780 6 15751 15780 14 15751 16680
14 16680 16753 18 16724 16753 13 16724 17053
11 2
21 16448 16521 15 16492 16521 41 16492 16594 9 16565 16594 40 16565 16667 7 16638 16667 39 16638 16740 6 16711 16740 12 16711 17340
12 17340 17413 6 17384 17413 39 17384 17486 7 17457 17486 19 17457 17530
11 2
21 16881 16954 15 16925 16954 41 16925 17027 9 16998 17027 33 16998 17100 3 17071 17100 3 17071 17880
3 17880 17953 3 17924 17953 32 17924 18026 7 17997 18026 19 17997 18070
11 2
18 16388 16461 8 16432 16461 36 16432 16534 7 16505 16534 34 16505 16607 4 16578 16607 52 16578 16680 5 16651 16680 6 16651 18180
6 18180 18253 5 18224 18253 52 18224 18326 4 18297 18326 34 18297 18399 7 18370 18399 19 18370 18443
11 2
18 16534 16607 8 16578 16607 10 16578 16680 6 16651 16680 11 16651 18180
11 18180 18253 18 18224 18253 13 18224 18553
11 2
21 17755 17828 15 17799 17828 41 17799 17901 9 17872 17901 40 17872 17974 7 17945 17974 39 17945 18047 6 18018 18047 35 18018 18120 5 18091 18120 7 18091 19020
7 19020 19093 5 19064 19093 52 19064 19166 4 19137 19166 34 19137 19239 7 19210 19239 19 19210 19283
11 2
21 18355 18428 15 18399 18428 41 18399 18501 9 18472 18501 33 18472 18574 3 18545 18574 51 18545 18647 4 18618 18647 52 18618 18720 5 18691 18720 5 18691 19320
5 19320 19393 18 19364 19393 13 19364 19693
11 2
21 18968 19041 15 19012 19041 41 19012 19114 9 19085 19114 40 19085 19187 7 19158 19187 39 19158 19260 6 19231 19260 14 19231 20160
14 20160 20233 18 20204 20233 13 20204 20533
11 2
18 19594 19667 8 19638 19667 10 19638 19740 6 19711 19740 11 19711 20640
11 20640 20713 18 20684 20713 13 20684 21013
11 2
21 19508 19581 15 19552 19581 41 19552 19654 9 19625 19654 40 19625 19727 7 19698 19727 39 19698 19800 6 19771 19800 12 19771 20700
12 20700 20773 6 20744 20773 39 20744 20846 7 20817 20846 19 20817 20890
11 2
21 19615 19688 15 19659 19688 41 19659 19761 9 19732 19761 40 19732 19834 7 19805 19834 39 19805 19907 6 19878 19907 35 19878 19980 5 19951 19980 7 19951 20880
7 20880 20953 18 20924 20953 13 20924 21253
11 2
21 20048 20121 15 20092 20121 42 20092 20194 12 20165 20194 49 20165 20267 10 20238 20267 48 20238 20340 3 20311 20340 3 20311 21240
3 21240 21313 18 21284 21313 13 21284 21613
11 2
21 20588 20661 15 20632 20661 41 20632 20734 9 20705 20734 40 20705 20807 7 20778 20807 34 20778 20880 4 20851 20880 4 20851 21480
4 21480 21553 18 21524 21553 13 21524 21853
11 2
21 20335 20408 15 20379 20408 41 20379 20481 9 20452 20481 33 20452 20554 3 20525 20554 29 20525 20627 2 20598 20627 27 20598 20700 1 20671 20700 1 20671 21600
1 21600 21673 1 21644 21673 27 21644 21746 2 21717 21746 30 21717 21819 10 21790 21819 45 21790 21892 13 21863 21892 23 21863 21936
11 2
21 20455 20528 15 20499 20528 42 20499 20601 12 20572 20601 49 20572 20674 10 20645 20674 37 20645 20747 11 20718 20747 31 20718 20820 2 20791 20820 2 20791 21720
2 21720 21793 18 21764 21793 13 21764 22093
11 2
24 21801 21874 14 21845 21874 38 21845 21947 11 21918 21947 28 21918 22020 1 21991 22020 1 21991 23760
1 23760 23833 1 23804 23833 27 23804 23906 2 23877 23906 30 23877 23979 10 23950 23979 45 23950 24052 13 24023 24052 23 24023 24096
11 2
20 22101 22174 9 22145 22174 33 22145 22247 3 22218 22247 29 22218 22320 2 22291 22320 2 22291 24060
2 24060 24133 2 24104 24133 31 24104 24206 11 24177 24206 37 24177 24279 10 24250 24279 45 24250 24352 13 24323 24352 23 24323 24396
11 2
18 20828 20901 8 20872 20901 36 20872 20974 7 20945 20974 34 20945 21047 4 21018 21047 52 21018 21120 5 21091 21120 6 21091 22620
6 22620 22693 18 22664 22693 13 22664 22993
11 2
18 21874 21947 8 21918 21947 10 21918 22020 6 21991 22020 14 21991 22920
14 22920 22993 6 22964 22993 39 22964 23066 7 23037 23066 19 23037 23110
11 2
18 21201 21274 8 21245 21274 36 21245 21347 7 21318 21347 32 21318 21420 3 21391 21420 3 21391 22920
3 22920 22993 18 22964 22993 13 22964 23293
11 2
18 22101 22174 8 22145 22174 36 22145 22247 7 22218 22247 34 22218 22320 4 22291 22320 4 22291 23220
4 23220 23293 4 23264 23293 51 23264 23366 3 23337 23366 48 23337 23439 10 23410 23439 45 23410 23512 13 23483 23512 23 23483 23556
11 2
13 23311 23640 18 23611 23640 6 23611 24240
6 24240 24313 18 24284 24313 13 24284 24613
11 2
18 22448 22521 8 22492 22521 36 22492 22594 7 22565 22594 34 22565 22667 4 22638 22667 52 22638 22740 5 22711 22740 8 22711 23640
8 23640 23713 5 23684 23713 52 23684 23786 4 23757 23786 34 23757 23859 7 23830 23859 19 23830 23903
11 2
20 24021 24094 9 24065 24094 33 24065 24167 3 24138 24167 51 24138 24240 4 24211 24240 4 24211 25920
4 25920 25993 4 25964 25993 34 25964 26066 7 26037 26066 19 26037 26110
11 2
24 24261 24334 14 24305 24334 38 24305 24407 11 24378 24407 28 24378 24480 1 24451 24480 1 24451 25860
1 25860 25933 1 25904 25933 27 25904 26006 2 25977 26006 30 25977 26079 10 26050 26079 45 26050 26152 13 26123 26152 23 26123 26196
11 2
18 22761 22834 8 22805 22834 10 22805 22907 6 22878 22907 35 22878 22980 5 22951 22980 5 22951 24480
5 24480 24553 18 24524 24553 13 24524 24853
11 2
13 24331 24660 18 24631 24660 2 24631 25380
2 25380 25453 18 25424 25453 13 25424 25753
11 2
21 23528 23601 15 23572 23601 41 23572 23674 9 23645 23674 40 23645 23747 7 23718 23747 39 23718 23820 6 23791 23820 11 23791 24720
11 24720 24793 18 24764 24793 13 24764 25093
11 2
13 24811 25140 18 25111 25140 7 25111 27000
7 27000 27073 18 27044 27073 13 27044 27373
11 2
24 25114 25187 14 25158 25187 38 25158 25260 11 25231 25260 17 25231 25860
17 25860 25933 11 25904 25933 37 25904 26006 10 25977 26006 43 25977 26079 16 26050 26079 22 26050 26123
11 2
18 24321 24394 8 24365 24394 36 24365 24467 7 24438 24467 32 24438 24540 3 24511 24540 3 24511 25440
3 25440 25513 3 25484 25513 48 25484 25586 10 25557 25586 45 25557 25659 13 25630 25659 23 25630 25703
11 2
20 25761 25834 9 25805 25834 40 25805 25907 7 25878 25907 39 25878 25980 6 25951 25980 14 25951 26460
14 26460 26533 6 26504 26533 39 26504 26606 7 26577 26606 40 26577 26679 9 26650 26679 50 26650 26752 12 26723 26752 44 26723 26825 16 26796 26825 22 26796 26869
11 2
20 25461 25534 9 25505 25534 40 25505 25607 7 25578 25607 39 25578 25680 6 25651 25680 11 25651 25980
11 25980 26053 18 26024 26053 13 26024 26353
11 2
21 25435 25508 15 25479 25508 41 25479 25581 9 25552 25581 33 25552 25654 3 25625 25654 51 25625 25727 4 25698 25727 52 25698 25800 5 25771 25800 5 25771 26400
5 26400 26473 18 26444 26473 13 26444 26773
11 2
24 26275 26348 14 26319 26348 46 26319 26421 13 26392 26421 45 26392 26494 10 26465 26494 48 26465 26567 3 26538 26567 51 26538 26640 4 26611 26640 4 26611 28680
4 28680 28753 18 28724 28753 13 28724 29053
11 2
13 26371 26700 18 26671 26700 3 26671 27300
3 27300 27373 3 27344 27373 48 27344 27446 10 27417 27446 43 27417 27519 16 27490 27519 22 27490 27563
11 2
13 25171 25500 18 25471 25500 2 25471 26760
2 26760 26833 2 26804 26833 30 26804 26906 10 26877 26906 45 26877 26979 13 26950 26979 23 26950 27023
11 2
20 26721 26794 9 26765 26794 40 26765 26867 7 26838 26867 39 26838 26940 6 26911 26940 12 26911 27720
12 27720 27793 6 27764 27793 39 27764 27866 7 27837 27866 19 27837 27910
11 2
20 26948 27021 9 26992 27021 40 26992 27094 7 27065 27094 34 27065 27167 4 27138 27167 52 27138 27240 5 27211 27240 7 27211 27840
7 27840 27913 5 27884 27913 35 27884 27986 6 27957 27986 10 27957 28059 8 28030 28059 18 28030 28103
11 2
13 26971 27300 18 27271 27300 5 27271 28140
5 28140 28213 18 28184 28213 13 28184 28513
11 2
24 27394 27467 14 27438 27467 38 27438 27540 11 27511 27540 15 27511 28140
15 28140 28213 11 28184 28213 37 28184 28286 10 28257 28286 43 28257 28359 16 28330 28359 22 28330 28403
11 2
13 27271 27600 18 27571 27600 8 27571 29160
8 29160 29233 18 29204 29233 13 29204 29533
11 2
24 27860 27933 14 27904 27933 38 27904 28006 11 27977 28006 28 27977 28079 1 28050 28079 1 28050 29520
1 29520 29593 1 29564 29593 28 29564 29666 11 29637 29666 37 29637 29739 10 29710 29739 45 29710 29812 13 29783 29812 23 29783 29856
11 2
20 28234 28307 9 28278 28307 33 28278 28380 3 28351 28380 3 28351 28980
3 28980 29053 3 29024 29053 48 29024 29126 10 29097 29126 43 29097 29199 16 29170 29199 22 29170 29243
11 2
13 28171 28500 18 28471 28500 9 28471 29100
9 29100 29173 5 29144 29173 35 29144 29246 6 29217 29246 10 29217 29319 8 29290 29319 18 29290 29363
11 2
20 28461 28534 9 28505 28534 40 28505 28607 7 28578 28607 39 28578 28680 6 28651 28680 14 28651 29220
14 29220 29293 6 29264 29293 39 29264 29366 7 29337 29366 40 29337 29439 9 29410 29439 50 29410 29512 12 29483 29512 44 29483 29585 16 29556 29585 22 29556 29629
11 2
24 28302 28375 14 28346 28375 46 28346 28448 13 28419 28448 45 28419 28521 10 28492 28521 48 28492 28594 3 28565 28594 51 28565 28667 4 28638 28667 52 28638 28740 5 28711 28740 5 28711 29343
5 29343 29416 5 29387 29416 35 29387 29489 6 29460 29489 10 29460 29562 8 29533 29562 18 29533 29606
11 2
13 28771 29100 18 29071 29100 6 29071 29700
6 29700 29773 5 29744 29773 35 29744 29846 6 29817 29846 10 29817 29919 8 29890 29919 18 29890 29963
12 3
24 26721 26794 14 26765 26794 38 26765 26867 11 26838 26867 31 26838 26940 2 26911 26940 2 26911 27540
2 27540 29254 2 29225 29254 29 29225 29327 3 29298 29327 32 29298 29400 7 29371 29400 36 29371 29473 8 29444 29473 18 29444 29517
2 29254 29327 2 29298 29327 30 29298 29400 10 29371 29400 45 29371 29473 13 29444 29473 23 29444 29517
11 2
24 28675 28748 14 28719 28748 46 28719 28821 13 28792 28821 45 28792 28894 10 28865 28894 48 28865 28967 3 28938 28967 51 28938 29040 4 29011 29040 4 29011 29580
4 29580 29653 18 29624 29653 13 29624 29953
11 2
13 29251 29580 18 29551 29580 8 29551 30180
8 30180 30253 5 30224 30253 52 30224 30326 4 30297 30326 51 30297 30399 3 30370 30399 48 30370 30472 10 30443 30472 43 30443 30545 16 30516 30545 22 30516 30589
11 2
18 28174 28247 8 28218 28247 10 28218 28320 6 28291 28320 12 28291 29820
12 29820 29893 18 29864 29893 13 29864 30193
11 2
21 28855 28928 15 28899 28928 41 28899 29001 9 28972 29001 40 28972 29074 7 29045 29074 34 29045 29147 4 29118 29147 52 29118 29220 5 29191 29220 7 29191 29820
7 29820 29893 5 29864 29893 35 29864 29966 6 29937 29966 39 29937 30039 7 30010 30039 19 30010 30083
11 2
24 29734 29807 14 29778 29807 38 29778 29880 11 29851 29880 17 29851 31260
17 31260 31333 11 31304 31333 37 31304 31406 10 31377 31406 45 31377 31479 13 31450 31479 23 31450 31523
11 2
18 28414 28487 8 28458 28487 10 28458 28560 6 28531 28560 11 28531 30060
11 30060 30133 18 30104 30133 13 30104 30433
11 2
13 29911 30240 18 30211 30240 1 30211 30840
1 30840 30913 1 30884 30913 27 30884 30986 2 30957 30986 30 30957 31059 10 31030 31059 43 31030 31132 16 31103 31132 22 31103 31176
11 2
24 30128 30201 14 30172 30201 46 30172 30274 13 30245 30274 45 30245 30347 10 30318 30347 37 30318 30420 11 30391 30420 15 30391 31020
15 31020 31093 11 31064 31093 38 31064 31166 14 31137 31166 47 31137 31239 17 31210 31239 25 31210 31283
11 2
21 29348 29421 15 29392 29421 41 29392 29494 9 29465 29494 33 29465 29567 3 29538 29567 29 29538 29640 2 29611 29640 2 29611 30540
2 30540 30613 2 30584 30613 30 30584 30686 10 30657 30686 45 30657 30759 13 30730 30759 23 30730 30803
11 2
20 30321 30394 9 30365 30394 40 30365 30467 7 30438 30467 39 30438 30540 6 30511 30540 12 30511 31140
12 31140 31213 6 31184 31213 10 31184 31286 8 31257 31286 18 31257 31330
11 2
24 30681 30754 14 30725 30754 38 30725 30827 11 30798 30827 31 30798 30900 2 30871 30900 2 30871 31500
2 31500 31573 2 31544 31573 29 31544 31646 3 31617 31646 32 31617 31719 7 31690 31719 36 31690 31792 8 31763 31792 18 31763 31836
11 2
18 29090 29163 8 29134 29163 36 29134 29236 7 29207 29236 34 29207 29309 4 29280 29309 52 29280 29382 5 29353 29382 9 29353 30900
9 30900 30973 18 30944 30973 13 30944 31273
11 2
20 29014 29087 9 29058 29087 33 29058 29160 3 29131 29160 3 29131 30960
3 30960 31033 3 31004 31033 48 31004 31106 10 31077 31106 45 31077 31179 13 31150 31179 23 31150 31223
11 2
13 30691 31020 18 30991 31020 4 30991 32220
4 32220 32293 4 32264 32293 34 32264 32366 7 32337 32366 36 32337 32439 8 32410 32439 18 32410 32483
11 2
24 31388 31461 14 31432 31461 46 31432 31534 13 31505 31534 45 31505 31607 10 31578 31607 48 31578 31680 3 31651 31680 3 31651 32280
3 32280 32353 3 32324 32353 33 32324 32426 9 32397 32426 50 32397 32499 12 32470 32499 44 32470 32572 16 32543 32572 22 32543 32616
11 2
13 31471 31800 18 31771 31800 1 31771 32400
1 32400 32473 1 32444 32473 27 32444 32546 2 32517 32546 31 32517 32619 11 32590 32619 37 32590 32692 10 32663 32692 43 32663 32765 16 32736 32765 22 32736 32809
11 2
13 31771 32100 18 32071 32100 7 32071 32700
7 32700 32773 5 32744 32773 52 32744 32846 4 32817 32846 34 32817 32919 7 32890 32919 36 32890 32992 8 32963 32992 18 32963 33036
11 2
13 32011 32340 18 32311 32340 4 32311 32940
4 32940 33013 4 32984 33013 51 32984 33086 3 33057 33086 48 33057 33159 10 33130 33159 43 33130 33232 16 33203 33232 22 33203 33276
11 2
13 32911 33240 18 33211 33240 4 33211 33840
4 33840 33913 4 33884 33913 34 33884 33986 7 33957 33986 40 33957 34059 9 34030 34059 50 34030 34132 12 34103 34132 44 34103 34205 16 34176 34205 22 34176 34249
11 2
24 33042 33115 14 33086 33115 46 33086 33188 13 33159 33188 45 33159 33261 10 33232 33261 48 33232 33334 3 33305 33334 51 33305 33407 4 33378 33407 52 33378 33480 5 33451 33480 5 33451 34080
5 34080 34153 5 34124 34153 35 34124 34226 6 34197 34226 10 34197 34299 8 34270 34299 18 34270 34343
11 2
20 33261 33334 9 33305 33334 33 33305 33407 3 33378 33407 29 33378 33480 2 33451 33480 2 33451 34080
2 34080 34153 2 34124 34153 30 34124 34226 10 34197 34226 43 34197 34299 16 34270 34299 22 34270 34343
11 2
20 33694 33767 9 33738 33767 33 33738 33840 3 33811 33840 3 33811 34440
3 34440 34513 3 34484 34513 33 34484 34586 9 34557 34586 50 34557 34659 12 34630 34659 44 34630 34732 16 34703 34732 22 34703 34776
11 2
24 33754 33827 14 33798 33827 38 33798 33900 11 33871 33900 16 33871 39420
16 39420 39493 11 39464 39493 37 39464 39566 10 39537 39566 45 39537 39639 13 39610 39639 23 39610 39683
11 2
21 33235 33308 15 33279 33308 42 33279 33381 12 33352 33381 49 33352 33454 10 33425 33454 37 33425 33527 11 33498 33527 28 33498 33600 1 33571 33600 1 33571 34200
1 34200 34273 1 34244 34273 27 34244 34346 2 34317 34346 30 34317 34419 10 34390 34419 45 34390 34492 13 34463 34492 23 34463 34536
11 2
21 33655 33728 15 33699 33728 41 33699 33801 9 33772 33801 40 33772 33874 7 33845 33874 39 33845 33947 6 33918 33947 35 33918 34020 5 33991 34020 6 33991 34620
6 34620 34693 5 34664 34693 52 34664 34766 4 34737 34766 51 34737 34839 3 34810 34839 48 34810 34912 10 34883 34912 45 34883 34985 13 34956 34985 23 34956 35029
11 2
13 34351 34680 18 34651 34680 5 34651 38880
5 38880 38953 18 38924 38953 13 38924 39253
11 2
21 33775 33848 15 33819 33848 42 33819 33921 12 33892 33921 49 33892 33994 10 33965 33994 48 33965 34067 3 34038 34067 51 34038 34140 4 34111 34140 4 34111 34740
4 34740 34813 4 34784 34813 34 34784 34886 7 34857 34886 19 34857 34930
11 2
13 34891 35220 18 35191 35220 2 35191 35520
2 35520 35593 2 35564 35593 31 35564 35666 11 35637 35666 37 35637 35739 10 35710 35739 45 35710 35812 13 35783 35812 23 35783 35856
11 2
20 35481 35554 9 35525 35554 40 35525 35627 7 35598 35627 39 35598 35700 6 35671 35700 11 35671 36300
11 36300 36373 6 36344 36373 10 36344 36446 8 36417 36446 18 36417 36490
11 2
13 35791 36120 18 36091 36120 2 36091 36720
2 36720 36793 2 36764 36793 30 36764 36866 10 36837 36866 43 36837 36939 16 36910 36939 22 36910 36983
21 3
24 35875 35948 14 35919 35948 46 35919 36021 13 35992 36021 45 35992 36094 10 36065 36094 48 36065 36167 3 36138 36167 51 36138 36240 4 36211 36240 4 36211 37200
20 36321 36394 9 36365 36394 33 36365 36467 3 36438 36467 51 36438 36540 4 36511 36540 4 36511 37200
4 37200 37273 18 37244 37273 13 37244 37573
11 2
21 35755 35828 15 35799 35828 41 35799 35901 9 35872 35901 40 35872 35974 7 35945 35974 39 35945 36047 6 36018 36047 35 36018 36120 5 36091 36120 6 36091 36720
6 36720 36793 5 36764 36793 52 36764 36866 4 36837 36866 34 36837 36939 7 36910 36939 19 36910 36983
11 2
24 36702 36775 14 36746 36775 46 36746 36848 13 36819 36848 45 36819 36921 10 36892 36921 48 36892 36994 3 36965 36994 51 36965 37067 4 37038 37067 52 37038 37140 5 37111 37140 6 37111 37740
6 37740 37813 5 37784 37813 35 37784 37886 6 37857 37886 10 37857 37959 8 37930 37959 18 37930 38003
11 2
21 36381 36454 15 36425 36454 41 36425 36527 9 36498 36527 33 36498 36600 3 36571 36600 3 36571 37255
3 37255 37328 3 37299 37328 32 37299 37401 7 37372 37401 19 37372 37445
11 2
13 36871 37200 18 37171 37200 2 37171 37800
2 37800 37873 2 37844 37873 29 37844 37946 3 37917 37946 33 37917 38019 9 37990 38019 50 37990 38092 12 38063 38092 44 38063 38165 16 38136 38165 22 38136 38209
11 2
21 36535 36608 15 36579 36608 41 36579 36681 9 36652 36681 40 36652 36754 7 36725 36754 39 36725 36827 6 36798 36827 35 36798 36900 5 36871 36900 7 36871 37800
7 37800 37873 18 37844 37873 13 37844 38173
11 2
21 36955 37028 15 36999 37028 41 36999 37101 9 37072 37101 40 37072 37174 7 37145 37174 39 37145 37247 6 37218 37247 35 37218 37320 5 37291 37320 9 37291 37920
9 37920 37993 5 37964 37993 35 37964 38066 6 38037 38066 39 38037 38139 7 38110 38139 19 38110 38183
11 2
18 36295 36368 8 36339 36368 36 36339 36441 7 36412 36441 32 36412 36514 3 36485 36514 29 36485 36587 2 36558 36587 27 36558 36660 1 36631 36660 1 36631 38160
1 38160 38233 18 38204 38233 13 38204 38533
11 2
18 37221 37294 8 37265 37294 36 37265 37367 7 37338 37367 34 37338 37440 4 37411 37440 4 37411 38340
4 38340 38413 4 38384 38413 34 38384 38486 7 38457 38486 19 38457 38530
11 2
13 38251 38580 18 38551 38580 3 38551 39180
3 39180 39253 3 39224 39253 33 39224 39326 9 39297 39326 50 39297 39399 12 39370 39399 44 39370 39472 16 39443 39472 22 39443 39516
11 2
21 36848 36921 15 36892 36921 41 36892 36994 9 36965 36994 40 36965 37067 7 37038 37067 39 37038 37140 6 37111 37140 14 37111 38640
14 38640 38713 18 38684 38713 13 38684 39013
11 2
20 38601 38674 9 38645 38674 40 38645 38747 7 38718 38747 39 38718 38820 6 38791 38820 14 38791 40320
14 40320 40393 6 40364 40393 39 40364 40466 7 40437 40466 19 40437 40510
11 2
13 38491 38820 18 38791 38820 4 38791 39120
4 39120 39193 4 39164 39193 34 39164 39266 7 39237 39266 19 39237 39310
11 2
21 38155 38228 15 38199 38228 41 38199 38301 9 38272 38301 33 38272 38374 3 38345 38374 29 38345 38447 2 38418 38447 27 38418 38520 1 38491 38520 1 38491 39120
1 39120 39193 18 39164 39193 13 39164 39493
11 2
18 38314 38387 8 38358 38387 10 38358 38460 6 38431 38460 12 38431 39360
12 39360 39433 18 39404 39433 13 39404 39733
11 2
18 37748 37821 8 37792 37821 36 37792 37894 7 37865 37894 34 37865 37967 4 37938 37967 52 37938 38040 5 38011 38040 7 38011 39540
7 39540 39613 5 39584 39613 35 39584 39686 6 39657 39686 39 39657 39759 7 39730 39759 19 39730 39803
11 2
18 38708 38781 8 38752 38781 36 38752 38854 7 38825 38854 32 38825 38927 3 38898 38927 29 38898 39000 2 38971 39000 2 38971 39900
2 39900 39973 2 39944 39973 30 39944 40046 10 40017 40046 45 40017 40119 13 40090 40119 23 40090 40163
11 2
21 38995 39068 15 39039 39068 42 39039 39141 12 39112 39141 49 39112 39214 10 39185 39214 37 39185 39287 11 39258 39287 28 39258 39360 1 39331 39360 1 39331 40260
1 40260 40333 1 40304 40333 27 40304 40406 2 40377 40406 30 40377 40479 10 40450 40479 45 40450 40552 13 40523 40552 23 40523 40596
11 2
13 40231 40560 18 40531 40560 1 40531 43980
1 43980 44053 18 44024 44053 13 44024 44353
11 2
20 40461 40534 9 40505 40534 33 40505 40607 3 40578 40607 51 40578 40680 4 40651 40680 4 40651 41280
4 41280 41353 4 41324 41353 34 41324 41426 7 41397 41426 36 41397 41499 8 41470 41499 18 41470 41543
11 2
13 40951 41280 18 41251 41280 2 41251 41880
2 41880 41953 2 41924 41953 29 41924 42026 3 41997 42026 33 41997 42099 9 42070 42099 50 42070 42172 12 42143 42172 44 42143 42245 16 42216 42245 22 42216 42289
11 2
20 41674 41747 9 41718 41747 33 41718 41820 3 41791 41820 3 41791 42420
3 42420 42493 18 42464 42493 13 42464 42793
11 2
13 42091 42420 18 42391 42420 12 42391 46080
12 46080 46153 18 46124 46153 13 46124 46453
11 2
18 42381 42454 8 42425 42454 36 42425 42527 7 42498 42527 34 42498 42600 4 42571 42600 4 42571 43500
4 43500 43573 4 43544 43573 51 43544 43646 3 43617 43646 48 43617 43719 10 43690 43719 45 43690 43792 13 43763 43792 23 43763 43836
11 2
20 43594 43667 9 43638 43667 33 43638 43740 3 43711 43740 3 43711 44340
3 44340 44413 3 44384 44413 48 44384 44486 10 44457 44486 43 44457 44559 16 44530 44559 22 44530 44603
11 2
21 42955 43028 15 42999 43028 41 42999 43101 9 43072 43101 40 43072 43174 7 43145 43174 34 43145 43247 4 43218 43247 52 43218 43320 5 43291 43320 6 43291 44220
6 44220 44293 18 44264 44293 13 44264 44593
11 2
18 43448 43521 8 43492 43521 36 43492 43594 7 43565 43594 34 43565 43667 4 43638 43667 52 43638 43740 5 43711 43740 9 43711 44640
9 44640 44713 5 44684 44713 52 44684 44786 4 44757 44786 34 44757 44859 7 44830 44859 19 44830 44903
11 2
21 43435 43508 15 43479 43508 42 43479 43581 12 43552 43581 49 43552 43654 10 43625 43654 37 43625 43727 11 43698 43727 31 43698 43800 2 43771 43800 2 43771 44700
2 44700 44773 18 44744 44773 13 44744 45073
11 2
20 44588 44661 9 44632 44661 40 44632 44734 7 44705 44734 39 44705 44807 6 44778 44807 35 44778 44880 5 44851 44880 5 44851 45480
5 45480 45553 5 45524 45553 35 45524 45626 6 45597 45626 39 45597 45699 7 45670 45699 40 45670 45772 9 45743 45772 50 45743 45845 12 45816 45845 44 45816 45918 16 45889 45918 22 45889 45962
11 2
13 44671 45000 18 44971 45000 2 44971 45600
2 45600 45673 2 45644 45673 30 45644 45746 10 45717 45746 43 45717 45819 16 45790 45819 22 45790 45863
11 2
13 45451 45780 18 45751 45780 9 45751 46980
9 46980 47053 5 47024 47053 35 47024 47126 6 47097 47126 10 47097 47199 8 47170 47199 18 47170 47243
11 2
24 45968 46041 14 46012 46041 46 46012 46114 13 46085 46114 45 46085 46187 10 46158 46187 30 46158 46260 2 46231 46260 2 46231 47100
2 47100 47173 2 47144 47173 30 47144 47246 10 47217 47246 45 47217 47319 13 47290 47319 23 47290 47363
11 2
13 45691 46020 18 45991 46020 8 45991 46320
8 46320 46393 5 46364 46393 52 46364 46466 4 46437 46466 34 46437 46539 7 46510 46539 19 46510 46583
11 2
13 46171 46500 18 46471 46500 14 46471 49320
14 49320 49393 18 49364 49393 13 49364 49693
11 2
20 46701 46774 9 46745 46774 40 46745 46847 7 46818 46847 39 46818 46920 6 46891 46920 11 46891 47520
11 47520 47593 6 47564 47593 10 47564 47666 8 47637 47666 18 47637 47710
11 2
13 46771 47100 18 47071 47100 3 47071 47700
3 47700 47773 3 47744 47773 48 47744 47846 10 47817 47846 43 47817 47919 16 47890 47919 22 47890 47963
11 2
13 47011 47340 18 47311 47340 1 47311 51660
1 51660 51733 18 51704 51733 13 51704 52033
11 2
21 46555 46628 15 46599 46628 41 46599 46701 9 46672 46701 33 46672 46774 3 46745 46774 51 46745 46847 4 46818 46847 52 46818 46920 5 46891 46920 7 46891 47541
7 47541 47614 5 47585 47614 35 47585 47687 6 47658 47687 39 47658 47760 7 47731 47760 19 47731 47804
11 2
20 44108 44181 9 44152 44181 40 44152 44254 7 44225 44254 39 44225 44327 6 44298 44327 35 44298 44400 5 44371 44400 6 44371 47580
6 47580 47653 18 47624 47653 13 47624 47953
11 2
20 47421 47494 9 47465 47494 40 47465 47567 7 47538 47567 34 47538 47640 4 47611 47640 4 47611 48240
4 48240 48313 4 48284 48313 51 48284 48386 3 48357 48386 48 48357 48459 10 48430 48459 43 48430 48532 16 48503 48532 22 48503 48576
11 2
18 46461 46534 8 46505 46534 10 46505 46607 6 46578 46607 35 46578 46680 5 46651 46680 5 46651 48180
5 48180 48253 5 48224 48253 35 48224 48326 6 48297 48326 39 48297 48399 7 48370 48399 19 48370 48443
11 2
21 47215 47288 15 47259 47288 41 47259 47361 9 47332 47361 40 47332 47434 7 47405 47434 39 47405 47507 6 47478 47507 35 47478 47580 5 47551 47580 9 47551 48480
9 48480 48553 18 48524 48553 13 48524 48853
11 2
13 48811 49140 18 49111 49140 12 49111 49740
12 49740 49813 6 49784 49813 10 49784 49886 8 49857 49886 18 49857 49930
11 2
18 48368 48441 8 48412 48441 36 48412 48514 7 48485 48514 34 48485 48587 4 48558 48587 52 48558 48660 5 48631 48660 8 48631 49560
8 49560 49633 18 49604 49633 13 49604 49933
11 2
24 49675 49748 14 49719 49748 46 49719 49821 13 49792 49821 45 49792 49894 10 49865 49894 37 49865 49967 11 49938 49967 31 49938 50040 2 50011 50040 2 50011 50640
2 50640 50713 2 50684 50713 31 50684 50786 11 50757 50786 38 50757 50859 14 50830 50859 47 50830 50932 17 50903 50932 26 50903 50976
11 2
20 49868 49941 9 49912 49941 40 49912 50014 7 49985 50014 39 49985 50087 6 50058 50087 35 50058 50160 5 50131 50160 6 50131 50760
6 50760 50833 18 50804 50833 13 50804 51133
11 2
13 50131 50460 18 50431 50460 14 50431 51060
14 51060 51133 6 51104 51133 10 51104 51206 8 51177 51206 18 51177 51250
11 2
20 50481 50554 9 50525 50554 40 50525 50627 7 50598 50627 39 50598 50700 6 50671 50700 12 50671 51300
12 51300 51373 6 51344 51373 10 51344 51446 8 51417 51446 18 51417 51490
11 2
18 49534 49607 8 49578 49607 10 49578 49680 6 49651 49680 11 49651 51180
11 51180 51253 18 51224 51253 13 51224 51553
11 2
13 51271 51600 18 51571 51600 14 51571 52200
14 52200 52273 6 52244 52273 10 52244 52346 8 52317 52346 18 52317 52390
11 2
13 51751 52080 18 52051 52080 6 52051 53280
6 53280 53353 5 53324 53353 35 53324 53426 6 53397 53426 10 53397 53499 8 53470 53499 18 53470 53543
11 2
18 51008 51081 8 51052 51081 36 51052 51154 7 51125 51154 32 51125 51227 3 51198 51227 29 51198 51300 2 51271 51300 2 51271 52800
2 52800 52873 18 52844 52873 13 52844 53173
11 2
18 51321 51394 8 51365 51394 36 51365 51467 7 51438 51467 32 51438 51540 3 51511 51540 3 51511 53040
3 53040 53113 18 53084 53113 13 53084 53413
11 2
13 49291 49620 18 49591 49620 5 49591 50220
5 50220 50293 5 50264 50293 52 50264 50366 4 50337 50366 34 50337 50439 7 50410 50439 36 50410 50512 8 50483 50512 18 50483 50556
11 2
18 52534 52607 8 52578 52607 10 52578 52680 6 52651 52680 12 52651 53580
12 53580 53653 18 53624 53653 13 53624 53953
11 2
18 51861 51934 8 51905 51934 36 51905 52007 7 51978 52007 34 51978 52080 4 52051 52080 4 52051 53520
4 53520 53593 4 53564 53593 34 53564 53666 7 53637 53666 19 53637 53710
11 2
13 53251 53580 18 53551 53580 2 53551 54180
2 54180 54253 18 54224 54253 13 54224 54553
11 2
18 52701 52774 8 52745 52774 10 52745 52847 6 52818 52847 35 52818 52920 5 52891 52920 5 52891 53880
5 53880 53953 5 53924 53953 35 53924 54026 6 53997 54026 39 53997 54099 7 54070 54099 19 54070 54143
11 2
13 54151 54480 18 54451 54480 7 54451 54960
7 54960 55033 5 55004 55033 52 55004 55106 4 55077 55106 34 55077 55179 7 55150 55179 40 55150 55252 9 55223 55252 41 55223 55325 15 55296 55325 21 55296 55369
11 2
13 54391 54720 18 54691 54720 6 54691 55920
6 55920 55993 5 55964 55993 35 55964 56066 6 56037 56066 10 56037 56139 8 56110 56139 18 56110 56183
11 2
24 53875 53948 14 53919 53948 46 53919 54021 13 53992 54021 45 53992 54094 10 54065 54094 37 54065 54167 11 54138 54167 28 54138 54240 1 54211 54240 1 54211 54780
1 54780 54853 18 54824 54853 13 54824 55153
21 3
24 55054 55127 14 55098 55127 38 55098 55200 11 55171 55200 17 55171 56460
24 55354 55427 14 55398 55427 38 55398 55500 11 55471 55500 17 55471 56460
17 56460 56533 11 56504 56533 37 56504 56606 10 56577 56606 45 56577 56679 13 56650 56679 23 56650 56723
11 2
13 55231 55560 18 55531 55560 5 55531 56160
5 56160 56233 5 56204 56233 52 56204 56306 4 56277 56306 51 56277 56379 3 56350 56379 48 56350 56452 10 56423 56452 45 56423 56525 13 56496 56525 23 56496 56569
11 2
24 55821 55894 14 55865 55894 38 55865 55967 11 55938 55967 31 55938 56040 2 56011 56040 2 56011 59160
2 59160 59233 18 59204 59233 13 59204 59533
11 2
21 55401 55474 15 55445 55474 41 55445 55547 9 55518 55547 33 55518 55620 3 55591 55620 3 55591 56220
3 56220 56293 3 56264 56293 32 56264 56366 7 56337 56366 19 56337 56410
11 2
24 56048 56121 14 56092 56121 46 56092 56194 13 56165 56194 45 56165 56267 10 56238 56267 48 56238 56340 3 56311 56340 3 56311 57480
3 57480 57553 3 57524 57553 32 57524 57626 7 57597 57626 36 57597 57699 8 57670 57699 18 57670 57743
11 2
13 56191 56520 18 56491 56520 14 56491 59820
14 59820 59893 18 59864 59893 13 59864 60193
21 3
20 56828 56901 9 56872 56901 33 56872 56974 3 56945 56974 51 56945 57047 4 57018 57047 52 57018 57120 5 57091 57120 5 57091 61860
18 59768 59841 8 59812 59841 36 59812 59914 7 59885 59914 34 59885 59987 4 59958 59987 52 59958 60060 5 60031 60060 5 60031 61860
5 61860 61933 5 61904 61933 52 61904 62006 4 61977 62006 51 61977 62079 3 62050 62079 48 62050 62152 10 62123 62152 45 62123 62225 13 62196 62225 23 62196 62269
11 2
24 56948 57021 14 56992 57021 46 56992 57094 13 57065 57094 45 57065 57167 10 57138 57167 37 57138 57240 11 57211 57240 15 57211 57900
15 57900 57973 11 57944 57973 37 57944 58046 10 58017 58046 45 58017 58119 13 58090 58119 23 58090 58163
11 2
21 56108 56181 15 56152 56181 41 56152 56254 9 56225 56254 40 56225 56327 7 56298 56327 39 56298 56400 6 56371 56400 12 56371 57300
12 57300 57373 18 57344 57373 13 57344 57673
11 2
24 57994 58067 14 58038 58067 38 58038 58140 11 58111 58140 15 58111 60060
15 60060 60133 11 60104 60133 37 60104 60206 10 60177 60206 45 60177 60279 13 60250 60279 23 60250 60323
11 2
18 57141 57214 8 57185 57214 36 57185 57287 7 57258 57287 34 57258 57360 4 57331 57360 4 57331 58260
4 58260 58333 4 58304 58333 51 58304 58406 3 58377 58406 48 58377 58479 10 58450 58479 45 58450 58552 13 58523 58552 23 58523 58596
11 2
18 56995 57068 8 57039 57068 36 57039 57141 7 57112 57141 32 57112 57214 3 57185 57214 29 57185 57287 2 57258 57287 27 57258 57360 1 57331 57360 1 57331 58860
1 58860 58933 18 58904 58933 13 58904 59233
11 2
18 58508 58581 8 58552 58581 36 58552 58654 7 58625 58654 34 58625 58727 4 58698 58727 52 58698 58800 5 58771 58800 7 58771 59700
7 59700 59773 5 59744 59773 52 59744 59846 4 59817 59846 51 59817 59919 3 59890 59919 48 59890 59992 10 59963 59992 45 59963 60065 13 60036 60065 23 60036 60109
11 2
18 58654 58727 8 58698 58727 10 58698 58800 6 58771 58800 11 58771 59700
11 59700 59773 6 59744 59773 39 59744 59846 7 59817 59846 19 59817 59890
11 2
18 59001 59074 8 59045 59074 10 59045 59147 6 59118 59147 35 59118 59220 5 59191 59220 9 59191 60120
9 60120 60193 5 60164 60193 35 60164 60266 6 60237 60266 39 60237 60339 7 60310 60339 19 60310 60383
11 2
24 60141 60214 14 60185 60214 38 60185 60287 11 60258 60287 31 60258 60360 2 60331 60360 2 60331 62400
2 62400 62473 2 62444 62473 29 62444 62546 3 62517 62546 32 62517 62619 7 62590 62619 19 62590 62663
11 2
21 59288 59361 15 59332 59361 41 59332 59434 9 59405 59434 40 59405 59507 7 59478 59507 39 59478 59580 6 59551 59580 12 59551 60480
12 60480 60553 18 60524 60553 13 60524 60853
11 2
18 59854 59927 8 59898 59927 10 59898 60000 6 59971 60000 14 59971 60900
14 60900 60973 18 60944 60973 13 60944 61273
11 2
24 60861 60934 14 60905 60934 38 60905 61007 11 60978 61007 28 60978 61080 1 61051 61080 1 61051 62760
1 62760 62833 1 62804 62833 28 62804 62906 11 62877 62906 37 62877 62979 10 62950 62979 45 62950 63052 13 63023 63052 23 63023 63096
11 2
21 60175 60248 15 60219 60248 41 60219 60321 9 60292 60321 40 60292 60394 7 60365 60394 39 60365 60467 6 60438 60467 35 60438 60540 5 60511 60540 9 60511 61140
9 61140 61213 5 61184 61213 35 61184 61286 6 61257 61286 39 61257 61359 7 61330 61359 19 61330 61403
11 2
20 59854 59927 9 59898 59927 33 59898 60000 3 59971 60000 3 59971 61440
3 61440 61513 18 61484 61513 13 61484 61813
11 2
20 64461 64534 9 64505 64534 33 64505 64607 3 64578 64607 29 64578 64680 2 64651 64680 2 64651 64980
2 64980 65053 18 65024 65053 13 65024 65353
11 2
20 61868 61941 9 61912 61941 40 61912 62014 7 61985 62014 39 61985 62087 6 62058 62087 35 62058 62160 5 62131 62160 6 62131 63360
6 63360 63433 5 63404 63433 35 63404 63506 6 63477 63506 10 63477 63579 8 63550 63579 18 63550 63623
11 2
21 61255 61328 15 61299 61328 41 61299 61401 9 61372 61401 40 61372 61474 7 61445 61474 34 61445 61547 4 61518 61547 52 61518 61620 5 61591 61620 7 61591 62520
7 62520 62593 18 62564 62593 13 62564 62893
11 2
18 61568 61641 8 61612 61641 36 61612 61714 7 61685 61714 34 61685 61787 4 61758 61787 52 61758 61860 5 61831 61860 9 61831 62760
9 62760 62833 18 62804 62833 13 62804 63133
11 2
24 62695 62768 14 62739 62768 46 62739 62841 13 62812 62841 45 62812 62914 10 62885 62914 48 62885 62987 3 62958 62987 51 62958 63060 4 63031 63060 4 63031 65760
4 65760 65833 18 65804 65833 13 65804 66133
11 2
18 61701 61774 8 61745 61774 36 61745 61847 7 61818 61847 32 61818 61920 3 61891 61920 3 61891 63420
3 63420 63493 3 63464 63493 32 63464 63566 7 63537 63566 19 63537 63610
11 2
21 62348 62421 15 62392 62421 42 62392 62494 12 62465 62494 49 62465 62567 10 62538 62567 30 62538 62640 2 62611 62640 2 62611 63540
2 63540 63613 18 63584 63613 13 63584 63913
11 2
13 63211 63540 18 63511 63540 8 63511 67680
8 67680 67753 18 67724 67753 13 67724 68053
11 2
18 62601 62674 8 62645 62674 10 62645 62747 6 62718 62747 35 62718 62820 5 62791 62820 5 62791 63720
5 63720 63793 5 63764 63793 52 63764 63866 4 63837 63866 34 63837 63939 7 63910 63939 19 63910 63983
11 2
24 62134 62207 14 62178 62207 38 62178 62280 11 62251 62280 16 62251 63780
16 63780 63853 11 63824 63853 37 63824 63926 10 63897 63926 45 63897 63999 13 63970 63999 23 63970 64043
11 2
24 64054 64127 14 64098 64127 38 64098 64200 11 64171 64200 15 64171 65460
15 65460 65533 11 65504 65533 37 65504 65606 10 65577 65606 45 65577 65679 13 65650 65679 23 65650 65723
11 2
21 62995 63068 15 63039 63068 42 63039 63141 12 63112 63141 49 63112 63214 10 63185 63214 37 63185 63287 11 63258 63287 28 63258 63360 1 63331 63360 1 63331 64260
1 64260 64333 18 64304 64333 13 64304 64633
11 2
24 64354 64427 14 64398 64427 38 64398 64500 11 64471 64500 17 64471 65100
17 65100 65173 11 65144 65173 37 65144 65246 10 65217 65246 45 65217 65319 13 65290 65319 23 65290 65363
11 2
13 63691 64020 18 63991 64020 3 63991 64500
3 64500 64573 3 64544 64573 48 64544 64646 10 64617 64646 45 64617 64719 13 64690 64719 23 64690 64763
11 2
18 63741 63814 8 63785 63814 10 63785 63887 6 63858 63887 35 63858 63960 5 63931 63960 7 63931 64800
7 64800 64873 5 64844 64873 52 64844 64946 4 64917 64946 51 64917 65019 3 64990 65019 48 64990 65092 10 65063 65092 45 65063 65165 13 65136 65165 23 65136 65209
11 2
18 63908 63981 8 63952 63981 36 63952 64054 7 64025 64054 34 64025 64127 4 64098 64127 52 64098 64200 5 64171 64200 6 64171 65100
6 65100 65173 5 65144 65173 35 65144 65246 6 65217 65246 39 65217 65319 7 65290 65319 19 65290 65363
11 2
18 64148 64221 8 64192 64221 36 64192 64294 7 64265 64294 34 64265 64367 4 64338 64367 52 64338 64440 5 64411 64440 9 64411 65400
9 65400 65473 5 65444 65473 35 65444 65546 6 65517 65546 39 65517 65619 7 65590 65619 19 65590 65663
11 2
24 64881 64954 14 64925 64954 38 64925 65027 11 64998 65027 31 64998 65100 2 65071 65100 2 65071 65520
2 65520 65593 18 65564 65593 13 65564 65893
11 2
20 65721 65794 9 65765 65794 40 65765 65867 7 65838 65867 34 65838 65940 4 65911 65940 4 65911 67680
4 67680 67753 4 67724 67753 34 67724 67826 7 67797 67826 19 67797 67870
11 2
24 65854 65927 14 65898 65927 38 65898 66000 11 65971 66000 15 65971 67260
15 67260 67333 11 67304 67333 37 67304 67406 10 67377 67406 45 67377 67479 13 67450 67479 23 67450 67523
11 2
18 64268 64341 8 64312 64341 36 64312 64414 7 64385 64414 34 64385 64487 4 64458 64487 52 64458 64560 5 64531 64560 5 64531 66060
5 66060 66133 18 66104 66133 13 66104 66433
11 2
13 64471 64800 18 64771 64800 14 64771 66360
14 66360 66433 18 66404 66433 13 66404 66733
11 2
13 66091 66420 18 66391 66420 1 66391 67020
1 67020 67093 1 67064 67093 28 67064 67166 11 67137 67166 37 67137 67239 10 67210 67239 43 67210 67312 16 67283 67312 22 67283 67356
11 2
20 66321 66394 9 66365 66394 40 66365 66467 7 66438 66467 39 66438 66540 6 66511 66540 12 66511 67260
12 67260 67333 6 67304 67333 39 67304 67406 7 67377 67406 19 67377 67450
11 2
18 65554 65627 8 65598 65627 10 65598 65700 6 65671 65700 11 65671 66600
11 66600 66673 18 66644 66673 13 66644 66973
11 2
13 65851 66180 18 66151 66180 2 66151 66600
2 66600 66673 2 66644 66673 30 66644 66746 10 66717 66746 45 66717 66819 13 66790 66819 23 66790 66863
11 2
13 65131 65460 18 65431 65460 7 65431 66720
7 66720 66793 5 66764 66793 35 66764 66866 6 66837 66866 39 66837 66939 7 66910 66939 19 66910 66983
11 2
13 66451 66780 18 66751 66780 9 66751 69900
9 69900 69973 18 69944 69973 13 69944 70273
11 2
24 66741 66814 14 66785 66814 38 66785 66887 11 66858 66887 31 66858 66960 2 66931 66960 2 66931 70140
2 70140 70213 18 70184 70213 13 70184 70513
11 2
13 66691 67020 18 66991 67020 5 66991 70440
5 70440 70513 5 70484 70513 35 70484 70586 6 70557 70586 39 70557 70659 7 70630 70659 19 70630 70703
11 2
13 67051 67380 18 67351 67380 6 67351 68580
6 68580 68653 5 68624 68653 35 68624 68726 6 68697 68726 10 68697 68799 8 68770 68799 18 68770 68843
11 2
13 67291 67620 18 67591 67620 12 67591 68220
12 68220 68293 6 68264 68293 39 68264 68366 7 68337 68366 40 68337 68439 9 68410 68439 50 68410 68512 12 68483 68512 44 68483 68585 16 68556 68585 22 68556 68629
11 2
24 67534 67607 14 67578 67607 38 67578 67680 11 67651 67680 15 67651 68940
15 68940 69013 11 68984 69013 37 68984 69086 10 69057 69086 45 69057 69159 13 69130 69159 23 69130 69203
11 2
20 67774 67847 9 67818 67847 33 67818 67920 3 67891 67920 3 67891 68520
3 68520 68593 3 68564 68593 33 68564 68666 9 68637 68666 50 68637 68739 12 68710 68739 44 68710 68812 16 68783 68812 22 68783 68856
11 2
18 66201 66274 8 66245 66274 10 66245 66347 6 66318 66347 35 66318 66420 5 66391 66420 8 66391 67920
8 67920 67993 18 67964 67993 13 67964 68293
11 2
24 67894 67967 14 67938 67967 38 67938 68040 11 68011 68040 16 68011 70500
16 70500 70573 11 70544 70573 37 70544 70646 10 70617 70646 45 70617 70719 13 70690 70719 23 70690 70763
11 2
13 68371 68700 18 68671 68700 1 68671 69300
1 69300 69373 1 69344 69373 27 69344 69446 2 69417 69446 30 69417 69519 10 69490 69519 43 69490 69592 16 69563 69592 22 69563 69636
11 2
13 68851 69180 18 69151 69180 7 69151 70380
7 70380 70453 5 70424 70453 52 70424 70526 4 70497 70526 34 70497 70599 7 70570 70599 36 70570 70672 8 70643 70672 18 70643 70716
11 2
20 68661 68734 9 68705 68734 40 68705 68807 7 68778 68807 39 68778 68880 6 68851 68880 11 68851 69180
11 69180 69253 18 69224 69253 13 69224 69553
11 2
24 69188 69261 14 69232 69261 46 69232 69334 13 69305 69334 45 69305 69407 10 69378 69407 37 69378 69480 11 69451 69480 15 69451 70860
15 70860 70933 11 70904 70933 37 70904 71006 10 70977 71006 45 70977 71079 13 71050 71079 23 71050 71123
11 2
20 69321 69394 9 69365 69394 40 69365 69467 7 69438 69467 39 69438 69540 6 69511 69540 14 69511 75600
14 75600 75673 6 75644 75673 39 75644 75746 7 75717 75746 19 75717 75790
11 2
24 69488 69561 14 69532 69561 46 69532 69634 13 69605 69634 45 69605 69707 10 69678 69707 48 69678 69780 3 69751 69780 3 69751 70320
3 70320 70393 3 70364 70393 32 70364 70466 7 70437 70466 36 70437 70539 8 70510 70539 18 70510 70583
11 2
13 69451 69780 18 69751 69780 1 69751 70740
1 70740 70813 18 70784 70813 13 70784 71113
11 2
21 68948 69021 15 68992 69021 41 68992 69094 9 69065 69094 40 69065 69167 7 69138 69167 39 69138 69240 6 69211 69240 12 69211 69840
12 69840 69913 6 69884 69913 39 69884 69986 7 69957 69986 19 69957 70030
11 2
13 69691 70020 18 69991 70020 12 69991 72180
12 72180 72253 18 72224 72253 13 72224 72553
11 2
13 70171 70500 18 70471 70500 7 70471 71700
7 71700 71773 5 71744 71773 35 71744 71846 6 71817 71846 10 71817 71919 8 71890 71919 18 71890 71963
11 2
13 70651 70980 18 70951 70980 4 70951 73200
4 73200 73273 18 73244 73273 13 73244 73573
11 2
13 70891 71220 18 71191 71220 5 71191 71520
5 71520 71593 5 71564 71593 35 71564 71666 6 71637 71666 39 71637 71739 7 71710 71739 19 71710 71783
11 2
24 71202 71275 14 71246 71275 46 71246 71348 13 71319 71348 45 71319 71421 10 71392 71421 48 71392 71494 3 71465 71494 51 71465 71567 4 71538 71567 52 71538 71640 5 71611 71640 5 71611 72240
5 72240 72313 5 72284 72313 52 72284 72386 4 72357 72386 51 72357 72459 3 72430 72459 33 72430 72532 9 72503 72532 50 72503 72605 12 72576 72605 44 72576 72678 16 72649 72678 22 72649 72722
11 2
20 71661 71734 9 71705 71734 33 71705 71807 3 71778 71807 29 71778 71880 2 71851 71880 2 71851 72540
2 72540 72613 2 72584 72613 31 72584 72686 11 72657 72686 37 72657 72759 10 72730 72759 43 72730 72832 16 72803 72832 22 72803 72876
11 2
13 71731 72060 18 72031 72060 6 72031 72660
6 72660 72733 5 72704 72733 52 72704 72806 4 72777 72806 51 72777 72879 3 72850 72879 48 72850 72952 10 72923 72952 43 72923 73025 16 72996 73025 22 72996 73069
11 2
20 72021 72094 9 72065 72094 40 72065 72167 7 72138 72167 39 72138 72240 6 72211 72240 11 72211 72780
11 72780 72853 6 72824 72853 10 72824 72926 8 72897 72926 18 72897 72970
11 2
13 72031 72360 18 72331 72360 8 72331 75600
8 75600 75673 18 75644 75673 13 75644 75973
11 2
24 72068 72141 14 72112 72141 46 72112 72214 13 72185 72214 45 72185 72287 10 72258 72287 48 72258 72360 3 72331 72360 3 72331 73140
3 73140 73213 3 73184 73213 48 73184 73286 10 73257 73286 43 73257 73359 16 73330 73359 22 73330 73403
11 2
24 72501 72574 14 72545 72574 38 72545 72647 11 72618 72647 28 72618 72720 1 72691 72720 1 72691 72780
1 72780 72853 18 72824 72853 13 72824 73153
11 2
13 72631 72960 18 72931 72960 2 72931 73560
2 73560 73633 2 73604 73633 31 73604 73706 11 73677 73706 37 73677 73779 10 73750 73779 43 73750 73852 16 73823 73852 22 73823 73896
11 2
24 73341 73414 14 73385 73414 38 73385 73487 11 73458 73487 28 73458 73560 1 73531 73560 1 73531 76260
1 76260 76333 1 76304 76333 27 76304 76406 2 76377 76406 30 76377 76479 10 76450 76479 45 76450 76552 13 76523 76552 23 76523 76596
11 2
13 73831 74160 18 74131 74160 2 74131 75360
2 75360 75433 2 75404 75433 30 75404 75506 10 75477 75506 43 75477 75579 16 75550 75579 22 75550 75623
11 2
13 74251 74580 18 74551 74580 12 74551 75780
12 75780 75853 6 75824 75853 10 75824 75926 8 75897 75926 18 75897 75970
11 2
20 74828 74901 9 74872 74901 40 74872 74974 7 74945 74974 39 74945 75047 6 75018 75047 35 75018 75120 5 75091 75120 5 75091 76500
5 76500 76573 5 76544 76573 35 76544 76646 6 76617 76646 10 76617 76719 8 76690 76719 18 76690 76763
11 2
13 74491 74820 18 74791 74820 4 74791 75360
4 75360 75433 4 75404 75433 51 75404 75506 3 75477 75506 48 75477 75579 10 75550 75579 45 75550 75652 13 75623 75652 23 75623 75696
11 2
20 75261 75334 9 75305 75334 40 75305 75407 7 75378 75407 34 75378 75480 4 75451 75480 4 75451 76080
4 76080 76153 4 76124 76153 51 76124 76226 3 76197 76226 33 76197 76299 9 76270 76299 50 76270 76372 12 76343 76372 44 76343 76445 16 76416 76445 22 76416 76489
11 2
20 75548 75621 9 75592 75621 33 75592 75694 3 75665 75694 51 75665 75767 4 75738 75767 52 75738 75840 5 75811 75840 6 75811 76200
6 76200 76273 5 76244 76273 35 76244 76346 6 76317 76346 10 76317 76419 8 76390 76419 18 76390 76463
11 2
24 76534 76607 14 76578 76607 38 76578 76680 11 76651 76680 15 76651 79200
15 79200 79273 11 79244 79273 37 79244 79346 10 79317 79346 45 79317 79419 13 79390 79419 23 79390 79463
11 2
13 76471 76800 18 76771 76800 3 76771 78000
3 78000 78073 3 78044 78073 32 78044 78146 7 78117 78146 36 78117 78219 8 78190 78219 18 78190 78263
11 2
13 76771 77100 18 77071 77100 12 77071 78300
12 78300 78373 6 78344 78373 10 78344 78446 8 78417 78446 18 78417 78490
11 2
24 77421 77494 14 77465 77494 38 77465 77567 11 77538 77567 31 77538 77640 2 77611 77640 2 77611 78240
2 78240 78313 2 78284 78313 29 78284 78386 3 78357 78386 32 78357 78459 7 78430 78459 36 78430 78532 8 78503 78532 18 78503 78576
11 2
13 78031 78360 18 78331 78360 9 78331 79560
9 79560 79633 5 79604 79633 35 79604 79706 6 79677 79706 10 79677 79779 8 79750 79779 18 79750 79823
11 2
13 78271 78600 18 78571 78600 6 78571 79200
6 79200 79273 5 79244 79273 52 79244 79346 4 79317 79346 34 79317 79419 7 79390 79419 19 79390 79463
11 2
24 73054 73127 14 73098 73127 38 73098 73200 11 73171 73200 16 73171 73800
16 73800 73873 11 73844 73873 37 73844 73946 10 73917 73946 43 73917 74019 16 73990 74019 22 73990 74063
11 2
20 80841 80914 9 80885 80914 40 80885 80987 7 80958 80987 39 80958 81060 6 81031 81060 12 81031 83400
12 83400 83473 6 83444 83473 39 83444 83546 7 83517 83546 19 83517 83590
11 2
21 81295 81368 15 81339 81368 41 81339 81441 9 81412 81441 40 81412 81514 7 81485 81514 39 81485 81587 6 81558 81587 35 81558 81660 5 81631 81660 5 81631 82260
5 82260 82333 5 82304 82333 52 82304 82406 4 82377 82406 34 82377 82479 7 82450 82479 19 82450 82523
11 2
13 84391 84720 18 84691 84720 1 84691 85320
1 85320 85393 1 85364 85393 27 85364 85466 2 85437 85466 31 85437 85539 11 85510 85539 37 85510 85612 10 85583 85612 45 85583 85685 13 85656 85685 23 85656 85729
11 2
13 85471 85800 18 85771 85800 8 85771 87000
8 87000 87073 5 87044 87073 35 87044 87146 6 87117 87146 10 87117 87219 8 87190 87219 18 87190 87263
11 2
13 86011 86340 18 86311 86340 6 86311 87540
6 87540 87613 5 87584 87613 35 87584 87686 6 87657 87686 10 87657 87759 8 87730 87759 18 87730 87803