247
11 2
20 1881 1954 9 1925 1954 40 1925 2027 7 1998 2027 34 1998 2100 4 2071 2100 4 2071 3300
4 3300 3373 4 3344 3373 34 3344 3446 7 3417 3446 36 3417 3519 8 3490 3519 18 3490 3563
11 2
18 7208 7281 8 7252 7281 36 7252 7354 7 7325 7354 34 7325 7427 4 7398 7427 52 7398 7500 5 7471 7500 5 7471 9000
5 9000 9073 5 9044 9073 35 9044 9146 6 9117 9146 39 9117 9219 7 9190 9219 19 9190 9263
11 2
20 9668 9741 9 9712 9741 40 9712 9814 7 9785 9814 39 9785 9887 6 9858 9887 35 9858 9960 5 9931 9960 6 9931 11160
6 11160 11233 5 11204 11233 35 11204 11306 6 11277 11306 10 11277 11379 8 11350 11379 18 11350 11423
11 2
20 10221 10294 9 10265 10294 33 10265 10367 3 10338 10367 29 10338 10440 2 10411 10440 2 10411 11040
2 11040 11113 2 11084 11113 31 11084 11186 11 11157 11186 37 11157 11259 10 11230 11259 43 11230 11332 16 11303 11332 22 11303 11376
11 2
21 10555 10628 15 10599 10628 41 10599 10701 9 10672 10701 33 10672 10774 3 10745 10774 51 10745 10847 4 10818 10847 52 10818 10920 5 10891 10920 9 10891 11520
9 11520 11593 5 11564 11593 35 11564 11666 6 11637 11666 39 11637 11739 7 11710 11739 19 11710 11783
11 2
21 13315 13388 15 13359 13388 42 13359 13461 12 13432 13461 49 13432 13534 10 13505 13534 37 13505 13607 11 13578 13607 28 13578 13680 1 13651 13680 1 13651 14580
1 14580 14653 18 14624 14653 13 14624 14953
11 2
18 13581 13654 8 13625 13654 10 13625 13727 6 13698 13727 35 13698 13800 5 13771 13800 5 13771 14700
5 14700 14773 5 14744 14773 35 14744 14846 6 14817 14846 39 14817 14919 7 14890 14919 19 14890 14963
11 2
20 15501 15574 9 15545 15574 33 15545 15647 3 15618 15647 29 15618 15720 2 15691 15720 2 15691 16320
2 16320 16393 2 16364 16393 30 16364 16466 10 16437 16466 43 16437 16539 16 16510 16539 22 16510 16583
11 2
21 15295 15368 15 15339 15368 42 15339 15441 12 15412 15441 49 15412 15514 10 15485 15514 37 15485 15587 11 15558 15587 28 15558 15660 1 15631 15660 1 15631 16560
1 16560 16633 18 16604 16633 13 16604 16933
11 2
24 15162 15235 14 15206 15235 46 15206 15308 13 15279 15308 45 15279 15381 10 15352 15381 48 15352 15454 3 15425 15454 51 15425 15527 4 15498 15527 52 15498 15600 5 15571 15600 5 15571 16200
5 16200 16273 18 16244 16273 13 16244 16573
11 2
21 15981 16054 15 16025 16054 41 16025 16127 9 16098 16127 33 16098 16200 3 16171 16200 3 16171 17100
3 17100 17173 3 17144 17173 48 17144 17246 10 17217 17246 45 17217 17319 13 17290 17319 23 17290 17363
11 2
18 15634 15707 8 15678 15707 10 15678 15780 6 15751 15780 14 15751 16680
14 16680 16753 18 16724 16753 13 16724 17053
11 2
21 16448 16521 15 16492 16521 41 16492 16594 9 16565 16594 40 16565 16667 7 16638 16667 39 16638 16740 6 16711 16740 12 16711 17340
12 17340 17413 6 17384 17413 39 17384 17486 7 17457 17486 19 17457 17530
11 2
21 16735 16808 15 16779 16808 41 16779 16881 9 16852 16881 40 16852 16954 7 16925 16954 34 16925 17027 4 16998 17027 52 16998 17100 5 17071 17100 8 17071 17880
8 17880 17953 5 17924 17953 35 17924 18026 6 17997 18026 39 17997 18099 7 18070 18099 19 18070 18143
11 2
18 16388 16461 8 16432 16461 36 16432 16534 7 16505 16534 34 16505 16607 4 16578 16607 52 16578 16680 5 16651 16680 6 16651 18180
6 18180 18253 5 18224 18253 35 18224 18326 6 18297 18326 39 18297 18399 7 18370 18399 19 18370 18443
11 2
18 16534 16607 8 16578 16607 10 16578 16680 6 16651 16680 11 16651 18180
11 18180 18253 18 18224 18253 13 18224 18553
11 2
21 17755 17828 15 17799 17828 41 17799 17901 9 17872 17901 33 17872 17974 3 17945 17974 51 17945 18047 4 18018 18047 52 18018 18120 5 18091 18120 7 18091 19020
7 19020 19093 5 19064 19093 52 19064 19166 4 19137 19166 34 19137 19239 7 19210 19239 19 19210 19283
11 2
21 18355 18428 15 18399 18428 42 18399 18501 12 18472 18501 49 18472 18574 10 18545 18574 37 18545 18647 11 18618 18647 28 18618 18720 1 18691 18720 1 18691 19320
1 19320 19393 18 19364 19393 13 19364 19693
11 2
21 18968 19041 15 19012 19041 41 19012 19114 9 19085 19114 40 19085 19187 7 19158 19187 39 19158 19260 6 19231 19260 12 19231 20160
12 20160 20233 18 20204 20233 13 20204 20533
11 2
18 19594 19667 8 19638 19667 10 19638 19740 6 19711 19740 14 19711 20640
14 20640 20713 18 20684 20713 13 20684 21013
11 2
21 19508 19581 15 19552 19581 41 19552 19654 9 19625 19654 40 19625 19727 7 19698 19727 34 19698 19800 4 19771 19800 4 19771 20700
4 20700 20773 4 20744 20773 34 20744 20846 7 20817 20846 19 20817 20890
11 2
21 19615 19688 15 19659 19688 41 19659 19761 9 19732 19761 40 19732 19834 7 19805 19834 34 19805 19907 4 19878 19907 52 19878 19980 5 19951 19980 7 19951 20880
7 20880 20953 18 20924 20953 13 20924 21253
11 2
21 19975 20048 15 20019 20048 42 20019 20121 12 20092 20121 49 20092 20194 10 20165 20194 30 20165 20267 2 20238 20267 27 20238 20340 1 20311 20340 1 20311 21240
1 21240 21313 18 21284 21313 13 21284 21613
11 2
21 20661 20734 15 20705 20734 41 20705 20807 9 20778 20807 33 20778 20880 3 20851 20880 3 20851 21480
3 21480 21553 18 21524 21553 13 21524 21853
11 2
21 20408 20481 15 20452 20481 42 20452 20554 12 20525 20554 49 20525 20627 10 20598 20627 37 20598 20700 11 20671 20700 17 20671 21600
17 21600 21673 11 21644 21673 37 21644 21746 10 21717 21746 45 21717 21819 13 21790 21819 23 21790 21863
11 2
21 20528 20601 15 20572 20601 41 20572 20674 9 20645 20674 40 20645 20747 7 20718 20747 39 20718 20820 6 20791 20820 14 20791 21720
14 21720 21793 18 21764 21793 13 21764 22093
11 2
24 21874 21947 14 21918 21947 38 21918 22020 11 21991 22020 15 21991 23760
15 23760 23833 11 23804 23833 37 23804 23906 10 23877 23906 45 23877 23979 13 23950 23979 23 23950 24023
11 2
20 22101 22174 9 22145 22174 40 22145 22247 7 22218 22247 34 22218 22320 4 22291 22320 4 22291 24060
4 24060 24133 4 24104 24133 51 24104 24206 3 24177 24206 48 24177 24279 10 24250 24279 45 24250 24352 13 24323 24352 23 24323 24396
11 2
18 20901 20974 8 20945 20974 10 20945 21047 6 21018 21047 35 21018 21120 5 21091 21120 5 21091 22620
5 22620 22693 18 22664 22693 13 22664 22993
11 2
18 21874 21947 8 21918 21947 10 21918 22020 6 21991 22020 11 21991 22920
11 22920 22993 6 22964 22993 39 22964 23066 7 23037 23066 19 23037 23110
11 2
18 21128 21201 8 21172 21201 36 21172 21274 7 21245 21274 34 21245 21347 4 21318 21347 52 21318 21420 5 21391 21420 6 21391 22920
6 22920 22993 18 22964 22993 13 22964 23293
11 2
18 22028 22101 8 22072 22101 36 22072 22174 7 22145 22174 32 22145 22247 3 22218 22247 29 22218 22320 2 22291 22320 2 22291 23220
2 23220 23293 2 23264 23293 30 23264 23366 10 23337 23366 45 23337 23439 13 23410 23439 23 23410 23483
11 2
13 23311 23640 18 23611 23640 12 23611 24240
12 24240 24313 18 24284 24313 13 24284 24613
11 2
18 22521 22594 8 22565 22594 36 22565 22667 7 22638 22667 32 22638 22740 3 22711 22740 3 22711 23640
3 23640 23713 3 23684 23713 32 23684 23786 7 23757 23786 19 23757 23830
11 2
20 24021 24094 9 24065 24094 40 24065 24167 7 24138 24167 39 24138 24240 6 24211 24240 11 24211 25920
11 25920 25993 6 25964 25993 39 25964 26066 7 26037 26066 19 26037 26110
11 2
24 24261 24334 14 24305 24334 38 24305 24407 11 24378 24407 31 24378 24480 2 24451 24480 2 24451 25860
2 25860 25933 2 25904 25933 30 25904 26006 10 25977 26006 45 25977 26079 13 26050 26079 23 26050 26123
11 2
18 22761 22834 8 22805 22834 10 22805 22907 6 22878 22907 35 22878 22980 5 22951 22980 5 22951 24480
5 24480 24553 18 24524 24553 13 24524 24853
11 2
13 24331 24660 18 24631 24660 5 24631 25380
5 25380 25453 18 25424 25453 13 25424 25753
11 2
21 23528 23601 15 23572 23601 41 23572 23674 9 23645 23674 40 23645 23747 7 23718 23747 39 23718 23820 6 23791 23820 14 23791 24720
14 24720 24793 18 24764 24793 13 24764 25093
11 2
13 24811 25140 18 25111 25140 12 25111 27000
12 27000 27073 18 27044 27073 13 27044 27373
11 2
24 25041 25114 14 25085 25114 38 25085 25187 11 25158 25187 28 25158 25260 1 25231 25260 1 25231 25860
1 25860 25933 1 25904 25933 28 25904 26006 11 25977 26006 37 25977 26079 10 26050 26079 43 26050 26152 16 26123 26152 22 26123 26196
11 2
18 24321 24394 8 24365 24394 36 24365 24467 7 24438 24467 32 24438 24540 3 24511 24540 3 24511 25440
3 25440 25513 3 25484 25513 48 25484 25586 10 25557 25586 45 25557 25659 13 25630 25659 23 25630 25703
11 2
20 25834 25907 9 25878 25907 33 25878 25980 3 25951 25980 3 25951 26460
3 26460 26533 3 26504 26533 48 26504 26606 10 26577 26606 43 26577 26679 16 26650 26679 22 26650 26723
11 2
20 25461 25534 9 25505 25534 40 25505 25607 7 25578 25607 39 25578 25680 6 25651 25680 14 25651 25980
14 25980 26053 18 26024 26053 13 26024 26353
11 2
21 25435 25508 15 25479 25508 41 25479 25581 9 25552 25581 33 25552 25654 3 25625 25654 51 25625 25727 4 25698 25727 52 25698 25800 5 25771 25800 5 25771 26400
5 26400 26473 18 26444 26473 13 26444 26773
11 2
24 26275 26348 14 26319 26348 46 26319 26421 13 26392 26421 45 26392 26494 10 26465 26494 37 26465 26567 11 26538 26567 28 26538 26640 1 26611 26640 1 26611 28680
1 28680 28753 18 28724 28753 13 28724 29053
11 2
13 26371 26700 18 26671 26700 3 26671 27300
3 27300 27373 3 27344 27373 33 27344 27446 9 27417 27446 50 27417 27519 12 27490 27519 44 27490 27592 16 27563 27592 22 27563 27636
11 2
13 25171 25500 18 25471 25500 4 25471 26760
4 26760 26833 4 26804 26833 51 26804 26906 3 26877 26906 48 26877 26979 10 26950 26979 45 26950 27052 13 27023 27052 23 27023 27096
11 2
20 26721 26794 9 26765 26794 40 26765 26867 7 26838 26867 39 26838 26940 6 26911 26940 11 26911 27720
11 27720 27793 6 27764 27793 39 27764 27866 7 27837 27866 19 27837 27910
11 2
20 26948 27021 9 26992 27021 40 26992 27094 7 27065 27094 34 27065 27167 4 27138 27167 52 27138 27240 5 27211 27240 7 27211 27840
7 27840 27913 5 27884 27913 35 27884 27986 6 27957 27986 10 27957 28059 8 28030 28059 18 28030 28103
11 2
13 26971 27300 18 27271 27300 6 27271 28140
6 28140 28213 18 28184 28213 13 28184 28513
11 2
24 27248 27321 14 27292 27321 46 27292 27394 13 27365 27394 45 27365 27467 10 27438 27467 37 27438 27540 11 27511 27540 15 27511 28140
15 28140 28213 11 28184 28213 37 28184 28286 10 28257 28286 43 28257 28359 16 28330 28359 22 28330 28403
11 2
13 27271 27600 18 27571 27600 8 27571 29160
8 29160 29233 18 29204 29233 13 29204 29533
11 2
24 27642 27715 14 27686 27715 46 27686 27788 13 27759 27788 45 27759 27861 10 27832 27861 48 27832 27934 3 27905 27934 51 27905 28007 4 27978 28007 52 27978 28080 5 28051 28080 5 28051 29520
5 29520 29593 5 29564 29593 52 29564 29666 4 29637 29666 51 29637 29739 3 29710 29739 48 29710 29812 10 29783 29812 45 29783 29885 13 29856 29885 23 29856 29929
11 2
20 28161 28234 9 28205 28234 40 28205 28307 7 28278 28307 39 28278 28380 6 28351 28380 12 28351 28980
12 28980 29053 6 29024 29053 39 29024 29126 7 29097 29126 40 29097 29199 9 29170 29199 50 29170 29272 12 29243 29272 44 29243 29345 16 29316 29345 22 29316 29389
11 2
13 28171 28500 18 28471 28500 11 28471 29100
11 29100 29173 6 29144 29173 10 29144 29246 8 29217 29246 18 29217 29290
11 2
20 28534 28607 9 28578 28607 33 28578 28680 3 28651 28680 3 28651 29254
3 29254 29327 3 29298 29327 48 29298 29400 10 29371 29400 43 29371 29473 16 29444 29473 22 29444 29517
11 2
24 28302 28375 14 28346 28375 46 28346 28448 13 28419 28448 45 28419 28521 10 28492 28521 48 28492 28594 3 28565 28594 51 28565 28667 4 28638 28667 52 28638 28740 5 28711 28740 7 28711 29361
7 29361 29434 5 29405 29434 35 29405 29507 6 29478 29507 10 29478 29580 8 29551 29580 18 29551 29624
11 2
13 28771 29100 18 29071 29100 12 29071 29700
12 29700 29773 6 29744 29773 10 29744 29846 8 29817 29846 18 29817 29890
12 3
24 26648 26721 14 26692 26721 46 26692 26794 13 26765 26794 45 26765 26867 10 26838 26867 30 26838 26940 2 26911 26940 2 26911 27540
2 27540 29220 2 29191 29220 29 29191 29293 3 29264 29293 32 29264 29366 7 29337 29366 36 29337 29439 8 29410 29439 18 29410 29483
2 29220 29293 2 29264 29293 30 29264 29366 10 29337 29366 45 29337 29439 13 29410 29439 23 29410 29483
11 2
24 28675 28748 14 28719 28748 46 28719 28821 13 28792 28821 45 28792 28894 10 28865 28894 30 28865 28967 2 28938 28967 27 28938 29040 1 29011 29040 1 29011 29580
1 29580 29653 18 29624 29653 13 29624 29953
11 2
13 29251 29580 18 29551 29580 2 29551 30180
2 30180 30253 2 30224 30253 31 30224 30326 11 30297 30326 37 30297 30399 10 30370 30399 43 30370 30472 16 30443 30472 22 30443 30516
11 2
18 28174 28247 8 28218 28247 10 28218 28320 6 28291 28320 14 28291 29820
14 29820 29893 18 29864 29893 13 29864 30193
11 2
21 28834 28907 15 28878 28907 41 28878 28980 9 28951 28980 33 28951 29053 3 29024 29053 51 29024 29126 4 29097 29126 52 29097 29199 5 29170 29199 9 29170 29820
9 29820 29893 5 29864 29893 35 29864 29966 6 29937 29966 39 29937 30039 7 30010 30039 19 30010 30083
11 2
24 29734 29807 14 29778 29807 38 29778 29880 11 29851 29880 15 29851 31260
15 31260 31333 11 31304 31333 37 31304 31406 10 31377 31406 45 31377 31479 13 31450 31479 23 31450 31523
11 2
18 28268 28341 8 28312 28341 36 28312 28414 7 28385 28414 34 28385 28487 4 28458 28487 52 28458 28560 5 28531 28560 6 28531 30060
6 30060 30133 18 30104 30133 13 30104 30433
11 2
13 29911 30240 18 30211 30240 14 30211 30840
14 30840 30913 6 30884 30913 39 30884 30986 7 30957 30986 40 30957 31059 9 31030 31059 50 31030 31132 12 31103 31132 44 31103 31205 16 31176 31205 22 31176 31249
11 2
24 30055 30128 14 30099 30128 46 30099 30201 13 30172 30201 45 30172 30274 10 30245 30274 30 30245 30347 2 30318 30347 27 30318 30420 1 30391 30420 1 30391 31020
1 31020 31093 1 31064 31093 27 31064 31166 2 31137 31166 31 31137 31239 11 31210 31239 38 31210 31312 14 31283 31312 47 31283 31385 17 31356 31385 25 31356 31429
11 2
21 29348 29421 15 29392 29421 42 29392 29494 12 29465 29494 49 29465 29567 10 29538 29567 37 29538 29640 11 29611 29640 17 29611 30540
17 30540 30613 11 30584 30613 37 30584 30686 10 30657 30686 45 30657 30759 13 30730 30759 23 30730 30803
11 2
20 30321 30394 9 30365 30394 40 30365 30467 7 30438 30467 39 30438 30540 6 30511 30540 11 30511 31140
11 31140 31213 6 31184 31213 10 31184 31286 8 31257 31286 18 31257 31330
11 2
24 30681 30754 14 30725 30754 38 30725 30827 11 30798 30827 31 30798 30900 2 30871 30900 2 30871 31500
2 31500 31573 2 31544 31573 29 31544 31646 3 31617 31646 32 31617 31719 7 31690 31719 36 31690 31792 8 31763 31792 18 31763 31836
11 2
18 29108 29181 8 29152 29181 36 29152 29254 7 29225 29254 34 29225 29327 4 29298 29327 52 29298 29400 5 29371 29400 8 29371 30900
8 30900 30973 18 30944 30973 13 30944 31273
11 2
20 28941 29014 9 28985 29014 40 28985 29087 7 29058 29087 34 29058 29160 4 29131 29160 4 29131 30960
4 30960 31033 4 31004 31033 51 31004 31106 3 31077 31106 48 31077 31179 10 31150 31179 45 31150 31252 13 31223 31252 23 31223 31296
11 2
13 30691 31020 18 30991 31020 9 30991 32220
9 32220 32293 5 32264 32293 35 32264 32366 6 32337 32366 10 32337 32439 8 32410 32439 18 32410 32483
11 2
24 31461 31534 14 31505 31534 38 31505 31607 11 31578 31607 31 31578 31680 2 31651 31680 2 31651 32280
2 32280 32353 2 32324 32353 29 32324 32426 3 32397 32426 33 32397 32499 9 32470 32499 50 32470 32572 12 32543 32572 44 32543 32645 16 32616 32645 22 32616 32689
11 2
13 31471 31800 18 31771 31800 4 31771 32400
4 32400 32473 4 32444 32473 34 32444 32546 7 32517 32546 40 32517 32619 9 32590 32619 50 32590 32692 12 32663 32692 44 32663 32765 16 32736 32765 22 32736 32809
11 2
13 31771 32100 18 32071 32100 7 32071 32700
7 32700 32773 5 32744 32773 52 32744 32846 4 32817 32846 34 32817 32919 7 32890 32919 36 32890 32992 8 32963 32992 18 32963 33036
11 2
13 32011 32340 18 32311 32340 3 32311 32940
3 32940 33013 3 32984 33013 33 32984 33086 9 33057 33086 50 33057 33159 12 33130 33159 44 33130 33232 16 33203 33232 22 33203 33276
11 2
13 32911 33240 18 33211 33240 1 33211 33840
1 33840 33913 1 33884 33913 28 33884 33986 11 33957 33986 37 33957 34059 10 34030 34059 43 34030 34132 16 34103 34132 22 34103 34176
11 2
24 33042 33115 14 33086 33115 46 33086 33188 13 33159 33188 45 33159 33261 10 33232 33261 48 33232 33334 3 33305 33334 51 33305 33407 4 33378 33407 52 33378 33480 5 33451 33480 6 33451 34080
6 34080 34153 5 34124 34153 35 34124 34226 6 34197 34226 10 34197 34299 8 34270 34299 18 34270 34343
11 2
20 33261 33334 9 33305 33334 40 33305 33407 7 33378 33407 39 33378 33480 6 33451 33480 12 33451 34080
12 34080 34153 6 34124 34153 39 34124 34226 7 34197 34226 40 34197 34299 9 34270 34299 50 34270 34372 12 34343 34372 44 34343 34445 16 34416 34445 22 34416 34489
11 2
20 33694 33767 9 33738 33767 33 33738 33840 3 33811 33840 3 33811 34440
3 34440 34513 3 34484 34513 48 34484 34586 10 34557 34586 43 34557 34659 16 34630 34659 22 34630 34703
11 2
24 33754 33827 14 33798 33827 38 33798 33900 11 33871 33900 16 33871 39420
16 39420 39493 11 39464 39493 37 39464 39566 10 39537 39566 45 39537 39639 13 39610 39639 23 39610 39683
11 2
21 33308 33381 15 33352 33381 41 33352 33454 9 33425 33454 33 33425 33527 3 33498 33527 51 33498 33600 4 33571 33600 4 33571 34200
4 34200 34273 4 34244 34273 51 34244 34346 3 34317 34346 48 34317 34419 10 34390 34419 45 34390 34492 13 34463 34492 23 34463 34536
11 2
21 33655 33728 15 33699 33728 41 33699 33801 9 33772 33801 40 33772 33874 7 33845 33874 39 33845 33947 6 33918 33947 35 33918 34020 5 33991 34020 5 33991 34620
5 34620 34693 5 34664 34693 52 34664 34766 4 34737 34766 51 34737 34839 3 34810 34839 48 34810 34912 10 34883 34912 45 34883 34985 13 34956 34985 23 34956 35029
11 2
13 34351 34680 18 34651 34680 3 34651 38880
3 38880 38953 18 38924 38953 13 38924 39253
11 2
21 33775 33848 15 33819 33848 42 33819 33921 12 33892 33921 49 33892 33994 10 33965 33994 30 33965 34067 2 34038 34067 27 34038 34140 1 34111 34140 1 34111 34740
1 34740 34813 1 34784 34813 27 34784 34886 2 34857 34886 29 34857 34959 3 34930 34959 32 34930 35032 7 35003 35032 19 35003 35076
11 2
13 34891 35220 18 35191 35220 1 35191 35520
1 35520 35593 1 35564 35593 28 35564 35666 11 35637 35666 37 35637 35739 10 35710 35739 45 35710 35812 13 35783 35812 23 35783 35856
11 2
20 35481 35554 9 35525 35554 33 35525 35627 3 35598 35627 29 35598 35700 2 35671 35700 2 35671 36300
2 36300 36373 2 36344 36373 29 36344 36446 3 36417 36446 32 36417 36519 7 36490 36519 36 36490 36592 8 36563 36592 18 36563 36636
11 2
13 35791 36120 18 36091 36120 12 36091 36720
12 36720 36793 6 36764 36793 39 36764 36866 7 36837 36866 40 36837 36939 9 36910 36939 50 36910 37012 12 36983 37012 44 36983 37085 16 37056 37085 22 37056 37129
21 3
24 35802 35875 14 35846 35875 46 35846 35948 13 35919 35948 45 35919 36021 10 35992 36021 48 35992 36094 3 36065 36094 51 36065 36167 4 36138 36167 52 36138 36240 5 36211 36240 5 36211 37200
20 36248 36321 9 36292 36321 33 36292 36394 3 36365 36394 51 36365 36467 4 36438 36467 52 36438 36540 5 36511 36540 5 36511 37200
5 37200 37273 18 37244 37273 13 37244 37573
11 2
21 35755 35828 15 35799 35828 42 35799 35901 12 35872 35901 49 35872 35974 10 35945 35974 37 35945 36047 11 36018 36047 28 36018 36120 1 36091 36120 1 36091 36720
1 36720 36793 1 36764 36793 27 36764 36866 2 36837 36866 29 36837 36939 3 36910 36939 32 36910 37012 7 36983 37012 19 36983 37056
11 2
24 36848 36921 14 36892 36921 38 36892 36994 11 36965 36994 31 36965 37067 2 37038 37067 27 37038 37140 1 37111 37140 1 37111 37740
1 37740 37813 1 37784 37813 27 37784 37886 2 37857 37886 29 37857 37959 3 37930 37959 32 37930 38032 7 38003 38032 36 38003 38105 8 38076 38105 18 38076 38149
11 2
21 36308 36381 15 36352 36381 41 36352 36454 9 36425 36454 33 36425 36527 3 36498 36527 29 36498 36600 2 36571 36600 2 36571 37200
2 37200 37273 2 37244 37273 29 37244 37346 3 37317 37346 32 37317 37419 7 37390 37419 19 37390 37463
11 2
13 36871 37200 18 37171 37200 12 37171 37800
12 37800 37873 6 37844 37873 39 37844 37946 7 37917 37946 40 37917 38019 9 37990 38019 50 37990 38092 12 38063 38092 44 38063 38165 16 38136 38165 22 38136 38209
11 2
21 36535 36608 15 36579 36608 41 36579 36681 9 36652 36681 33 36652 36754 3 36725 36754 51 36725 36827 4 36798 36827 52 36798 36900 5 36871 36900 9 36871 37800
9 37800 37873 18 37844 37873 13 37844 38173
11 2
21 37028 37101 15 37072 37101 42 37072 37174 12 37145 37174 49 37145 37247 10 37218 37247 30 37218 37320 2 37291 37320 2 37291 37920
2 37920 37993 2 37964 37993 29 37964 38066 3 38037 38066 32 38037 38139 7 38110 38139 19 38110 38183
11 2
18 36441 36514 8 36485 36514 10 36485 36587 6 36558 36587 35 36558 36660 5 36631 36660 6 36631 38160
6 38160 38233 18 38204 38233 13 38204 38533
11 2
18 37221 37294 8 37265 37294 10 37265 37367 6 37338 37367 35 37338 37440 5 37411 37440 5 37411 38340
5 38340 38413 5 38384 38413 35 38384 38486 6 38457 38486 39 38457 38559 7 38530 38559 19 38530 38603
11 2
13 38251 38580 18 38551 38580 12 38551 39180
12 39180 39253 6 39224 39253 39 39224 39326 7 39297 39326 40 39297 39399 9 39370 39399 50 39370 39472 12 39443 39472 44 39443 39545 16 39516 39545 22 39516 39589
11 2
21 36775 36848 15 36819 36848 42 36819 36921 12 36892 36921 49 36892 36994 10 36965 36994 48 36965 37067 3 37038 37067 51 37038 37140 4 37111 37140 4 37111 38640
4 38640 38713 18 38684 38713 13 38684 39013
11 2
20 38601 38674 9 38645 38674 33 38645 38747 3 38718 38747 29 38718 38820 2 38791 38820 2 38791 40320
2 40320 40393 2 40364 40393 29 40364 40466 3 40437 40466 32 40437 40539 7 40510 40539 19 40510 40583
11 2
13 38491 38820 18 38791 38820 4 38791 39120
4 39120 39193 4 39164 39193 34 39164 39266 7 39237 39266 19 39237 39310
11 2
21 38082 38155 15 38126 38155 42 38126 38228 12 38199 38228 49 38199 38301 10 38272 38301 37 38272 38374 11 38345 38374 31 38345 38447 2 38418 38447 27 38418 38520 1 38491 38520 1 38491 39120
1 39120 39193 18 39164 39193 13 39164 39493
11 2
18 38168 38241 8 38212 38241 36 38212 38314 7 38285 38314 34 38285 38387 4 38358 38387 52 38358 38460 5 38431 38460 9 38431 39360
9 39360 39433 18 39404 39433 13 39404 39733
11 2
18 37821 37894 8 37865 37894 10 37865 37967 6 37938 37967 35 37938 38040 5 38011 38040 7 38011 39540
7 39540 39613 5 39584 39613 35 39584 39686 6 39657 39686 39 39657 39759 7 39730 39759 19 39730 39803
11 2
18 38781 38854 8 38825 38854 36 38825 38927 7 38898 38927 32 38898 39000 3 38971 39000 3 38971 39900
3 39900 39973 3 39944 39973 48 39944 40046 10 40017 40046 45 40017 40119 13 40090 40119 23 40090 40163
11 2
21 39068 39141 15 39112 39141 42 39112 39214 12 39185 39214 49 39185 39287 10 39258 39287 37 39258 39360 11 39331 39360 17 39331 40260
17 40260 40333 11 40304 40333 37 40304 40406 10 40377 40406 45 40377 40479 13 40450 40479 23 40450 40523
11 2
13 40231 40560 18 40531 40560 6 40531 43980
6 43980 44053 18 44024 44053 13 44024 44353
11 2
20 40461 40534 9 40505 40534 40 40505 40607 7 40578 40607 39 40578 40680 6 40651 40680 11 40651 41280
11 41280 41353 6 41324 41353 10 41324 41426 8 41397 41426 18 41397 41470
11 2
13 40951 41280 18 41251 41280 4 41251 41880
4 41880 41953 4 41924 41953 51 41924 42026 3 41997 42026 48 41997 42099 10 42070 42099 43 42070 42172 16 42143 42172 22 42143 42216
11 2
20 41528 41601 9 41572 41601 33 41572 41674 3 41645 41674 29 41645 41747 2 41718 41747 27 41718 41820 1 41791 41820 1 41791 42420
1 42420 42493 18 42464 42493 13 42464 42793
11 2
13 42091 42420 18 42391 42420 11 42391 46080
11 46080 46153 18 46124 46153 13 46124 46453
11 2
18 42308 42381 8 42352 42381 36 42352 42454 7 42425 42454 32 42425 42527 3 42498 42527 29 42498 42600 2 42571 42600 2 42571 43500
2 43500 43573 2 43544 43573 31 43544 43646 11 43617 43646 37 43617 43719 10 43690 43719 45 43690 43792 13 43763 43792 23 43763 43836
11 2
20 43521 43594 9 43565 43594 40 43565 43667 7 43638 43667 39 43638 43740 6 43711 43740 14 43711 44340
14 44340 44413 6 44384 44413 39 44384 44486 7 44457 44486 40 44457 44559 9 44530 44559 50 44530 44632 12 44603 44632 44 44603 44705 16 44676 44705 22 44676 44749
11 2
21 42955 43028 15 42999 43028 42 42999 43101 12 43072 43101 49 43072 43174 10 43145 43174 37 43145 43247 11 43218 43247 28 43218 43320 1 43291 43320 1 43291 44220
1 44220 44293 18 44264 44293 13 44264 44593
11 2
18 43448 43521 8 43492 43521 36 43492 43594 7 43565 43594 32 43565 43667 3 43638 43667 29 43638 43740 2 43711 43740 2 43711 44640
2 44640 44713 2 44684 44713 29 44684 44786 3 44757 44786 32 44757 44859 7 44830 44859 19 44830 44903
11 2
21 43435 43508 15 43479 43508 42 43479 43581 12 43552 43581 49 43552 43654 10 43625 43654 48 43625 43727 3 43698 43727 51 43698 43800 4 43771 43800 4 43771 44700
4 44700 44773 18 44744 44773 13 44744 45073
11 2
20 44661 44734 9 44705 44734 40 44705 44807 7 44778 44807 34 44778 44880 4 44851 44880 4 44851 45480
4 45480 45553 4 45524 45553 34 45524 45626 7 45597 45626 40 45597 45699 9 45670 45699 50 45670 45772 12 45743 45772 44 45743 45845 16 45816 45845 22 45816 45889
11 2
13 44671 45000 18 44971 45000 2 44971 45600
2 45600 45673 2 45644 45673 29 45644 45746 3 45717 45746 33 45717 45819 9 45790 45819 50 45790 45892 12 45863 45892 44 45863 45965 16 45936 45965 22 45936 46009
11 2
13 45451 45780 18 45751 45780 12 45751 46980
12 46980 47053 6 47024 47053 10 47024 47126 8 47097 47126 18 47097 47170
11 2
24 46114 46187 14 46158 46187 38 46158 46260 11 46231 46260 15 46231 47100
15 47100 47173 11 47144 47173 37 47144 47246 10 47217 47246 45 47217 47319 13 47290 47319 23 47290 47363
11 2
13 45691 46020 18 45991 46020 3 45991 46320
3 46320 46393 3 46364 46393 32 46364 46466 7 46437 46466 19 46437 46510
11 2
13 46171 46500 18 46471 46500 11 46471 49320
11 49320 49393 18 49364 49393 13 49364 49693
11 2
20 46701 46774 9 46745 46774 33 46745 46847 3 46818 46847 51 46818 46920 4 46891 46920 4 46891 47520
4 47520 47593 4 47564 47593 34 47564 47666 7 47637 47666 36 47637 47739 8 47710 47739 18 47710 47783
11 2
13 46771 47100 18 47071 47100 8 47071 47700
8 47700 47773 5 47744 47773 52 47744 47846 4 47817 47846 51 47817 47919 3 47890 47919 48 47890 47992 10 47963 47992 43 47963 48065 16 48036 48065 22 48036 48109
11 2
13 47011 47340 18 47311 47340 2 47311 51660
2 51660 51733 18 51704 51733 13 51704 52033
11 2
21 46555 46628 15 46599 46628 41 46599 46701 9 46672 46701 40 46672 46774 7 46745 46774 34 46745 46847 4 46818 46847 52 46818 46920 5 46891 46920 6 46891 47520
6 47520 47593 5 47564 47593 35 47564 47666 6 47637 47666 39 47637 47739 7 47710 47739 19 47710 47783
11 2
20 44108 44181 9 44152 44181 33 44152 44254 3 44225 44254 29 44225 44327 2 44298 44327 27 44298 44400 1 44371 44400 1 44371 47580
1 47580 47653 18 47624 47653 13 47624 47953
11 2
20 47494 47567 9 47538 47567 33 47538 47640 3 47611 47640 3 47611 48240
3 48240 48313 3 48284 48313 48 48284 48386 10 48357 48386 43 48357 48459 16 48430 48459 22 48430 48503
11 2
18 46461 46534 8 46505 46534 10 46505 46607 6 46578 46607 35 46578 46680 5 46651 46680 7 46651 48180
7 48180 48253 5 48224 48253 52 48224 48326 4 48297 48326 34 48297 48399 7 48370 48399 19 48370 48443
11 2
21 47288 47361 15 47332 47361 41 47332 47434 9 47405 47434 40 47405 47507 7 47478 47507 39 47478 47580 6 47551 47580 14 47551 48480
14 48480 48553 18 48524 48553 13 48524 48853
11 2
13 48811 49140 18 49111 49140 5 49111 49740
5 49740 49813 5 49784 49813 35 49784 49886 6 49857 49886 10 49857 49959 8 49930 49959 18 49930 50003
11 2
18 48441 48514 8 48485 48514 36 48485 48587 7 48558 48587 32 48558 48660 3 48631 48660 3 48631 49560
3 49560 49633 18 49604 49633 13 49604 49933
11 2
24 49894 49967 14 49938 49967 38 49938 50040 11 50011 50040 15 50011 50640
15 50640 50713 11 50684 50713 38 50684 50786 14 50757 50786 47 50757 50859 17 50830 50859 26 50830 50903
11 2
20 49868 49941 9 49912 49941 33 49912 50014 3 49985 50014 29 49985 50087 2 50058 50087 27 50058 50160 1 50131 50160 1 50131 50760
1 50760 50833 18 50804 50833 13 50804 51133
11 2
13 50131 50460 18 50431 50460 11 50431 51060
11 51060 51133 6 51104 51133 10 51104 51206 8 51177 51206 18 51177 51250
11 2
20 50554 50627 9 50598 50627 33 50598 50700 3 50671 50700 3 50671 51300
3 51300 51373 3 51344 51373 32 51344 51446 7 51417 51446 36 51417 51519 8 51490 51519 18 51490 51563
11 2
18 49461 49534 8 49505 49534 36 49505 49607 7 49578 49607 34 49578 49680 4 49651 49680 4 49651 51180
4 51180 51253 18 51224 51253 13 51224 51553
11 2
13 51271 51600 18 51571 51600 14 51571 52200
14 52200 52273 6 52244 52273 10 52244 52346 8 52317 52346 18 52317 52390
11 2
13 51751 52080 18 52051 52080 7 52051 53280
7 53280 53353 5 53324 53353 35 53324 53426 6 53397 53426 10 53397 53499 8 53470 53499 18 53470 53543
11 2
18 51081 51154 8 51125 51154 36 51125 51227 7 51198 51227 34 51198 51300 4 51271 51300 4 51271 52800
4 52800 52873 18 52844 52873 13 52844 53173
11 2
18 51321 51394 8 51365 51394 10 51365 51467 6 51438 51467 35 51438 51540 5 51511 51540 6 51511 53040
6 53040 53113 18 53084 53113 13 53084 53413
11 2
13 49291 49620 18 49591 49620 6 49591 50220
6 50220 50293 5 50264 50293 35 50264 50366 6 50337 50366 10 50337 50439 8 50410 50439 18 50410 50483
11 2
18 52534 52607 8 52578 52607 10 52578 52680 6 52651 52680 11 52651 53580
11 53580 53653 18 53624 53653 13 53624 53953
11 2
18 51861 51934 8 51905 51934 36 51905 52007 7 51978 52007 32 51978 52080 3 52051 52080 3 52051 53520
3 53520 53593 3 53564 53593 32 53564 53666 7 53637 53666 19 53637 53710
11 2
13 53251 53580 18 53551 53580 4 53551 54180
4 54180 54253 18 54224 54253 13 54224 54553
11 2
18 52701 52774 8 52745 52774 10 52745 52847 6 52818 52847 35 52818 52920 5 52891 52920 5 52891 53880
5 53880 53953 5 53924 53953 35 53924 54026 6 53997 54026 39 53997 54099 7 54070 54099 19 54070 54143
11 2
13 54151 54480 18 54451 54480 3 54451 54960
3 54960 55033 3 55004 55033 33 55004 55106 9 55077 55106 41 55077 55179 15 55150 55179 21 55150 55223
11 2
13 54391 54720 18 54691 54720 7 54691 55920
7 55920 55993 5 55964 55993 35 55964 56066 6 56037 56066 10 56037 56139 8 56110 56139 18 56110 56183
11 2
24 54021 54094 14 54065 54094 38 54065 54167 11 54138 54167 28 54138 54240 1 54211 54240 1 54211 54780
1 54780 54853 18 54824 54853 13 54824 55153
21 3
24 55054 55127 14 55098 55127 38 55098 55200 11 55171 55200 16 55171 56460
24 55354 55427 14 55398 55427 38 55398 55500 11 55471 55500 16 55471 56460
16 56460 56533 11 56504 56533 37 56504 56606 10 56577 56606 45 56577 56679 13 56650 56679 23 56650 56723
11 2
13 55231 55560 18 55531 55560 1 55531 56160
1 56160 56233 1 56204 56233 28 56204 56306 11 56277 56306 37 56277 56379 10 56350 56379 45 56350 56452 13 56423 56452 23 56423 56496
11 2
24 55748 55821 14 55792 55821 46 55792 55894 13 55865 55894 45 55865 55967 10 55938 55967 48 55938 56040 3 56011 56040 3 56011 59160
3 59160 59233 18 59204 59233 13 59204 59533
11 2
21 55328 55401 15 55372 55401 42 55372 55474 12 55445 55474 49 55445 55547 10 55518 55547 30 55518 55620 2 55591 55620 2 55591 56220
2 56220 56293 2 56264 56293 29 56264 56366 3 56337 56366 32 56337 56439 7 56410 56439 19 56410 56483
11 2
24 55975 56048 14 56019 56048 46 56019 56121 13 56092 56121 45 56092 56194 10 56165 56194 48 56165 56267 3 56238 56267 51 56238 56340 4 56311 56340 4 56311 57480
4 57480 57553 4 57524 57553 34 57524 57626 7 57597 57626 36 57597 57699 8 57670 57699 18 57670 57743
11 2
13 56191 56520 18 56491 56520 8 56491 59820
8 59820 59893 18 59864 59893 13 59864 60193
21 3
20 56828 56901 9 56872 56901 40 56872 56974 7 56945 56974 39 56945 57047 6 57018 57047 35 57018 57120 5 57091 57120 6 57091 61860
18 59768 59841 8 59812 59841 36 59812 59914 7 59885 59914 34 59885 59987 4 59958 59987 52 59958 60060 5 60031 60060 6 60031 61860
6 61860 61933 5 61904 61933 52 61904 62006 4 61977 62006 51 61977 62079 3 62050 62079 48 62050 62152 10 62123 62152 45 62123 62225 13 62196 62225 23 62196 62269
11 2
24 57094 57167 14 57138 57167 38 57138 57240 11 57211 57240 17 57211 57900
17 57900 57973 11 57944 57973 37 57944 58046 10 58017 58046 45 58017 58119 13 58090 58119 23 58090 58163
11 2
21 56035 56108 15 56079 56108 42 56079 56181 12 56152 56181 49 56152 56254 10 56225 56254 30 56225 56327 2 56298 56327 27 56298 56400 1 56371 56400 1 56371 57300
1 57300 57373 18 57344 57373 13 57344 57673
11 2
24 57994 58067 14 58038 58067 38 58038 58140 11 58111 58140 17 58111 60060
17 60060 60133 11 60104 60133 37 60104 60206 10 60177 60206 45 60177 60279 13 60250 60279 23 60250 60323
11 2
18 57063 57136 8 57107 57136 36 57107 57209 7 57180 57209 32 57180 57282 3 57253 57282 29 57253 57355 2 57326 57355 2 57326 58260
2 58260 58333 2 58304 58333 30 58304 58406 10 58377 58406 45 58377 58479 13 58450 58479 23 58450 58523
11 2
18 57141 57214 8 57185 57214 10 57185 57287 6 57258 57287 35 57258 57360 5 57331 57360 5 57331 58860
5 58860 58933 18 58904 58933 13 58904 59233
11 2
18 58508 58581 8 58552 58581 36 58552 58654 7 58625 58654 34 58625 58727 4 58698 58727 52 58698 58800 5 58771 58800 7 58771 59700
7 59700 59773 5 59744 59773 52 59744 59846 4 59817 59846 51 59817 59919 3 59890 59919 48 59890 59992 10 59963 59992 45 59963 60065 13 60036 60065 23 60036 60109
11 2
18 58654 58727 8 58698 58727 10 58698 58800 6 58771 58800 14 58771 59700
14 59700 59773 6 59744 59773 39 59744 59846 7 59817 59846 19 59817 59890
11 2
18 58928 59001 8 58972 59001 36 58972 59074 7 59045 59074 34 59045 59147 4 59118 59147 52 59118 59220 5 59191 59220 5 59191 60120
5 60120 60193 5 60164 60193 35 60164 60266 6 60237 60266 39 60237 60339 7 60310 60339 19 60310 60383
11 2
24 60141 60214 14 60185 60214 38 60185 60287 11 60258 60287 28 60258 60360 1 60331 60360 1 60331 62400
1 62400 62473 1 62444 62473 27 62444 62546 2 62517 62546 29 62517 62619 3 62590 62619 32 62590 62692 7 62663 62692 19 62663 62736
11 2
21 59288 59361 15 59332 59361 41 59332 59434 9 59405 59434 40 59405 59507 7 59478 59507 39 59478 59580 6 59551 59580 11 59551 60480
11 60480 60553 18 60524 60553 13 60524 60853
11 2
18 59854 59927 8 59898 59927 10 59898 60000 6 59971 60000 14 59971 60900
14 60900 60973 18 60944 60973 13 60944 61273
11 2
24 60934 61007 14 60978 61007 38 60978 61080 11 61051 61080 15 61051 62760
15 62760 62833 11 62804 62833 37 62804 62906 10 62877 62906 45 62877 62979 13 62950 62979 23 62950 63023
11 2
21 60248 60321 15 60292 60321 42 60292 60394 12 60365 60394 49 60365 60467 10 60438 60467 30 60438 60540 2 60511 60540 2 60511 61140
2 61140 61213 2 61184 61213 29 61184 61286 3 61257 61286 32 61257 61359 7 61330 61359 19 61330 61403
11 2
20 59854 59927 9 59898 59927 33 59898 60000 3 59971 60000 3 59971 61440
3 61440 61513 18 61484 61513 13 61484 61813
11 2
20 64388 64461 9 64432 64461 33 64432 64534 3 64505 64534 51 64505 64607 4 64578 64607 52 64578 64680 5 64651 64680 5 64651 64980
5 64980 65053 18 65024 65053 13 65024 65353
11 2
20 61868 61941 9 61912 61941 40 61912 62014 7 61985 62014 39 61985 62087 6 62058 62087 35 62058 62160 5 62131 62160 5 62131 63360
5 63360 63433 5 63404 63433 35 63404 63506 6 63477 63506 10 63477 63579 8 63550 63579 18 63550 63623
11 2
21 61328 61401 15 61372 61401 42 61372 61474 12 61445 61474 49 61445 61547 10 61518 61547 48 61518 61620 3 61591 61620 3 61591 62520
3 62520 62593 18 62564 62593 13 62564 62893
11 2
18 61714 61787 8 61758 61787 10 61758 61860 6 61831 61860 12 61831 62760
12 62760 62833 18 62804 62833 13 62804 63133
11 2
24 62841 62914 14 62885 62914 38 62885 62987 11 62958 62987 28 62958 63060 1 63031 63060 1 63031 65760
1 65760 65833 18 65804 65833 13 65804 66133
11 2
18 61628 61701 8 61672 61701 36 61672 61774 7 61745 61774 32 61745 61847 3 61818 61847 29 61818 61920 2 61891 61920 2 61891 63420
2 63420 63493 2 63464 63493 29 63464 63566 3 63537 63566 32 63537 63639 7 63610 63639 19 63610 63683
11 2
21 62348 62421 15 62392 62421 41 62392 62494 9 62465 62494 40 62465 62567 7 62538 62567 39 62538 62640 6 62611 62640 14 62611 63540
14 63540 63613 18 63584 63613 13 63584 63913
11 2
13 63211 63540 18 63511 63540 11 63511 67680
11 67680 67753 18 67724 67753 13 67724 68053
11 2
18 62601 62674 8 62645 62674 10 62645 62747 6 62718 62747 35 62718 62820 5 62791 62820 8 62791 63720
8 63720 63793 5 63764 63793 35 63764 63866 6 63837 63866 39 63837 63939 7 63910 63939 19 63910 63983
11 2
24 61915 61988 14 61959 61988 46 61959 62061 13 62032 62061 45 62032 62134 10 62105 62134 48 62105 62207 3 62178 62207 51 62178 62280 4 62251 62280 4 62251 63780
4 63780 63853 4 63824 63853 51 63824 63926 3 63897 63926 48 63897 63999 10 63970 63999 45 63970 64072 13 64043 64072 23 64043 64116
11 2
24 64054 64127 14 64098 64127 38 64098 64200 11 64171 64200 15 64171 65460
15 65460 65533 11 65504 65533 37 65504 65606 10 65577 65606 45 65577 65679 13 65650 65679 23 65650 65723
11 2
21 62995 63068 15 63039 63068 41 63039 63141 9 63112 63141 33 63112 63214 3 63185 63214 51 63185 63287 4 63258 63287 52 63258 63360 5 63331 63360 6 63331 64260
6 64260 64333 18 64304 64333 13 64304 64633
11 2
24 64208 64281 14 64252 64281 46 64252 64354 13 64325 64354 45 64325 64427 10 64398 64427 37 64398 64500 11 64471 64500 17 64471 65100
17 65100 65173 11 65144 65173 37 65144 65246 10 65217 65246 45 65217 65319 13 65290 65319 23 65290 65363
11 2
13 63691 64020 18 63991 64020 3 63991 64500
3 64500 64573 3 64544 64573 48 64544 64646 10 64617 64646 45 64617 64719 13 64690 64719 23 64690 64763
11 2
18 63668 63741 8 63712 63741 36 63712 63814 7 63785 63814 32 63785 63887 3 63858 63887 29 63858 63960 2 63931 63960 2 63931 64800
2 64800 64873 2 64844 64873 30 64844 64946 10 64917 64946 45 64917 65019 13 64990 65019 23 64990 65063
11 2
18 64054 64127 8 64098 64127 10 64098 64200 6 64171 64200 12 64171 65100
12 65100 65173 6 65144 65173 39 65144 65246 7 65217 65246 19 65217 65290
11 2
18 64221 64294 8 64265 64294 10 64265 64367 6 64338 64367 35 64338 64440 5 64411 64440 9 64411 65400
9 65400 65473 5 65444 65473 52 65444 65546 4 65517 65546 34 65517 65619 7 65590 65619 19 65590 65663
11 2
24 64881 64954 14 64925 64954 38 64925 65027 11 64998 65027 31 64998 65100 2 65071 65100 2 65071 65520
2 65520 65593 18 65564 65593 13 65564 65893
11 2
20 65648 65721 9 65692 65721 40 65692 65794 7 65765 65794 39 65765 65867 6 65838 65867 35 65838 65940 5 65911 65940 6 65911 67680
6 67680 67753 5 67724 67753 35 67724 67826 6 67797 67826 39 67797 67899 7 67870 67899 19 67870 67943
11 2
24 65708 65781 14 65752 65781 46 65752 65854 13 65825 65854 45 65825 65927 10 65898 65927 37 65898 66000 11 65971 66000 16 65971 67260
16 67260 67333 11 67304 67333 37 67304 67406 10 67377 67406 45 67377 67479 13 67450 67479 23 67450 67523
11 2
18 64341 64414 8 64385 64414 10 64385 64487 6 64458 64487 35 64458 64560 5 64531 64560 7 64531 66060
7 66060 66133 18 66104 66133 13 66104 66433
11 2
13 64471 64800 18 64771 64800 8 64771 66360
8 66360 66433 18 66404 66433 13 66404 66733
11 2
13 66091 66420 18 66391 66420 5 66391 67020
5 67020 67093 5 67064 67093 52 67064 67166 4 67137 67166 51 67137 67239 3 67210 67239 48 67210 67312 10 67283 67312 43 67283 67385 16 67356 67385 22 67356 67429
11 2
20 66321 66394 9 66365 66394 40 66365 66467 7 66438 66467 39 66438 66540 6 66511 66540 12 66511 67260
12 67260 67333 6 67304 67333 39 67304 67406 7 67377 67406 19 67377 67450
11 2
18 65481 65554 8 65525 65554 10 65525 65627 6 65598 65627 35 65598 65700 5 65671 65700 9 65671 66600
9 66600 66673 18 66644 66673 13 66644 66973
11 2
13 65851 66180 18 66151 66180 1 66151 66600
1 66600 66673 1 66644 66673 28 66644 66746 11 66717 66746 37 66717 66819 10 66790 66819 45 66790 66892 13 66863 66892 23 66863 66936
11 2
13 65131 65460 18 65431 65460 4 65431 66720
4 66720 66793 4 66764 66793 34 66764 66866 7 66837 66866 19 66837 66910
11 2
13 66451 66780 18 66751 66780 9 66751 69900
9 69900 69973 18 69944 69973 13 69944 70273
11 2
24 66741 66814 14 66785 66814 38 66785 66887 11 66858 66887 31 66858 66960 2 66931 66960 2 66931 70140
2 70140 70213 18 70184 70213 13 70184 70513
11 2
13 66691 67020 18 66991 67020 7 66991 70440
7 70440 70513 5 70484 70513 35 70484 70586 6 70557 70586 39 70557 70659 7 70630 70659 19 70630 70703
11 2
13 67051 67380 18 67351 67380 5 67351 68580
5 68580 68653 5 68624 68653 35 68624 68726 6 68697 68726 10 68697 68799 8 68770 68799 18 68770 68843
11 2
13 67291 67620 18 67591 67620 3 67591 68220
3 68220 68293 3 68264 68293 33 68264 68366 9 68337 68366 50 68337 68439 12 68410 68439 44 68410 68512 16 68483 68512 22 68483 68556
11 2
24 67388 67461 14 67432 67461 46 67432 67534 13 67505 67534 45 67505 67607 10 67578 67607 37 67578 67680 11 67651 67680 16 67651 68940
16 68940 69013 11 68984 69013 37 68984 69086 10 69057 69086 45 69057 69159 13 69130 69159 23 69130 69203
11 2
20 67701 67774 9 67745 67774 40 67745 67847 7 67818 67847 34 67818 67920 4 67891 67920 4 67891 68520
4 68520 68593 4 68564 68593 34 68564 68666 7 68637 68666 40 68637 68739 9 68710 68739 50 68710 68812 12 68783 68812 44 68783 68885 16 68856 68885 22 68856 68929
11 2
18 66274 66347 8 66318 66347 10 66318 66420 6 66391 66420 14 66391 67920
14 67920 67993 18 67964 67993 13 67964 68293
11 2
24 67675 67748 14 67719 67748 46 67719 67821 13 67792 67821 45 67792 67894 10 67865 67894 30 67865 67967 2 67938 67967 27 67938 68040 1 68011 68040 1 68011 70500
1 70500 70573 1 70544 70573 27 70544 70646 2 70617 70646 30 70617 70719 10 70690 70719 45 70690 70792 13 70763 70792 23 70763 70836
11 2
13 68371 68700 18 68671 68700 4 68671 69300
4 69300 69373 4 69344 69373 51 69344 69446 3 69417 69446 48 69417 69519 10 69490 69519 43 69490 69592 16 69563 69592 22 69563 69636
11 2
13 68851 69180 18 69151 69180 8 69151 70380
8 70380 70453 5 70424 70453 52 70424 70526 4 70497 70526 34 70497 70599 7 70570 70599 36 70570 70672 8 70643 70672 18 70643 70716
11 2
20 68734 68807 9 68778 68807 33 68778 68880 3 68851 68880 3 68851 69180
3 69180 69253 18 69224 69253 13 69224 69553
11 2
24 69334 69407 14 69378 69407 38 69378 69480 11 69451 69480 17 69451 70860
17 70860 70933 11 70904 70933 37 70904 71006 10 70977 71006 45 70977 71079 13 71050 71079 23 71050 71123
11 2
20 69321 69394 9 69365 69394 40 69365 69467 7 69438 69467 39 69438 69540 6 69511 69540 12 69511 75600
12 75600 75673 6 75644 75673 39 75644 75746 7 75717 75746 19 75717 75790
11 2
24 69488 69561 14 69532 69561 46 69532 69634 13 69605 69634 45 69605 69707 10 69678 69707 48 69678 69780 3 69751 69780 3 69751 70320
3 70320 70393 3 70364 70393 32 70364 70466 7 70437 70466 36 70437 70539 8 70510 70539 18 70510 70583
11 2
13 69451 69780 18 69751 69780 4 69751 70740
4 70740 70813 18 70784 70813 13 70784 71113
11 2
21 68948 69021 15 68992 69021 41 68992 69094 9 69065 69094 40 69065 69167 7 69138 69167 39 69138 69240 6 69211 69240 14 69211 69840
14 69840 69913 6 69884 69913 39 69884 69986 7 69957 69986 19 69957 70030
11 2
13 69691 70020 18 69991 70020 5 69991 72180
5 72180 72253 18 72224 72253 13 72224 72553
11 2
13 70171 70500 18 70471 70500 11 70471 71700
11 71700 71773 6 71744 71773 10 71744 71846 8 71817 71846 18 71817 71890
11 2
13 70651 70980 18 70951 70980 3 70951 73200
3 73200 73273 18 73244 73273 13 73244 73573
11 2
13 70891 71220 18 71191 71220 14 71191 71520
14 71520 71593 6 71564 71593 39 71564 71666 7 71637 71666 19 71637 71710
11 2
24 71421 71494 14 71465 71494 38 71465 71567 11 71538 71567 31 71538 71640 2 71611 71640 2 71611 72240
2 72240 72313 2 72284 72313 29 72284 72386 3 72357 72386 33 72357 72459 9 72430 72459 50 72430 72532 12 72503 72532 44 72503 72605 16 72576 72605 22 72576 72649
11 2
20 71661 71734 9 71705 71734 40 71705 71807 7 71778 71807 39 71778 71880 6 71851 71880 14 71851 72540
14 72540 72613 6 72584 72613 39 72584 72686 7 72657 72686 40 72657 72759 9 72730 72759 50 72730 72832 12 72803 72832 44 72803 72905 16 72876 72905 22 72876 72949
11 2
13 71731 72060 18 72031 72060 4 72031 72660
4 72660 72733 4 72704 72733 51 72704 72806 3 72777 72806 33 72777 72879 9 72850 72879 50 72850 72952 12 72923 72952 44 72923 73025 16 72996 73025 22 72996 73069
11 2
20 72021 72094 9 72065 72094 40 72065 72167 7 72138 72167 39 72138 72240 6 72211 72240 11 72211 72780
11 72780 72853 6 72824 72853 10 72824 72926 8 72897 72926 18 72897 72970
11 2
13 72031 72360 18 72331 72360 7 72331 75600
7 75600 75673 18 75644 75673 13 75644 75973
11 2
24 72141 72214 14 72185 72214 38 72185 72287 11 72258 72287 31 72258 72360 2 72331 72360 2 72331 73140
2 73140 73213 2 73184 73213 29 73184 73286 3 73257 73286 33 73257 73359 9 73330 73359 50 73330 73432 12 73403 73432 44 73403 73505 16 73476 73505 22 73476 73549
11 2
24 72501 72574 14 72545 72574 38 72545 72647 11 72618 72647 28 72618 72720 1 72691 72720 1 72691 72780
1 72780 72853 18 72824 72853 13 72824 73153
11 2
13 72631 72960 18 72931 72960 14 72931 73560
14 73560 73633 6 73604 73633 39 73604 73706 7 73677 73706 40 73677 73779 9 73750 73779 50 73750 73852 12 73823 73852 44 73823 73925 16 73896 73925 22 73896 73969
11 2
24 73414 73487 14 73458 73487 38 73458 73560 11 73531 73560 16 73531 76260
16 76260 76333 11 76304 76333 37 76304 76406 10 76377 76406 45 76377 76479 13 76450 76479 23 76450 76523
11 2
13 73831 74160 18 74131 74160 3 74131 75360
3 75360 75433 3 75404 75433 33 75404 75506 9 75477 75506 50 75477 75579 12 75550 75579 44 75550 75652 16 75623 75652 22 75623 75696
11 2
13 74251 74580 18 74551 74580 11 74551 75780
11 75780 75853 6 75824 75853 10 75824 75926 8 75897 75926 18 75897 75970
11 2
20 74828 74901 9 74872 74901 40 74872 74974 7 74945 74974 39 74945 75047 6 75018 75047 35 75018 75120 5 75091 75120 6 75091 76500
6 76500 76573 5 76544 76573 52 76544 76646 4 76617 76646 34 76617 76719 7 76690 76719 36 76690 76792 8 76763 76792 18 76763 76836
11 2
13 74491 74820 18 74791 74820 4 74791 75360
4 75360 75433 4 75404 75433 51 75404 75506 3 75477 75506 48 75477 75579 10 75550 75579 45 75550 75652 13 75623 75652 23 75623 75696
11 2
20 75261 75334 9 75305 75334 40 75305 75407 7 75378 75407 39 75378 75480 6 75451 75480 14 75451 76080
14 76080 76153 6 76124 76153 39 76124 76226 7 76197 76226 40 76197 76299 9 76270 76299 50 76270 76372 12 76343 76372 44 76343 76445 16 76416 76445 22 76416 76489
11 2
20 75548 75621 9 75592 75621 40 75592 75694 7 75665 75694 34 75665 75767 4 75738 75767 52 75738 75840 5 75811 75840 5 75811 76200
5 76200 76273 5 76244 76273 52 76244 76346 4 76317 76346 34 76317 76419 7 76390 76419 36 76390 76492 8 76463 76492 18 76463 76536
11 2
24 76461 76534 14 76505 76534 38 76505 76607 11 76578 76607 28 76578 76680 1 76651 76680 1 76651 79200
1 79200 79273 1 79244 79273 28 79244 79346 11 79317 79346 37 79317 79419 10 79390 79419 45 79390 79492 13 79463 79492 23 79463 79536
11 2
13 76471 76800 18 76771 76800 3 76771 78000
3 78000 78073 3 78044 78073 32 78044 78146 7 78117 78146 36 78117 78219 8 78190 78219 18 78190 78263
11 2
13 76771 77100 18 77071 77100 11 77071 78300
11 78300 78373 6 78344 78373 10 78344 78446 8 78417 78446 18 78417 78490
11 2
24 77421 77494 14 77465 77494 38 77465 77567 11 77538 77567 31 77538 77640 2 77611 77640 2 77611 78240
2 78240 78313 2 78284 78313 29 78284 78386 3 78357 78386 32 78357 78459 7 78430 78459 36 78430 78532 8 78503 78532 18 78503 78576
11 2
13 78031 78360 18 78331 78360 12 78331 79560
12 79560 79633 6 79604 79633 10 79604 79706 8 79677 79706 18 79677 79750
11 2
13 78271 78600 18 78571 78600 3 78571 79200
3 79200 79273 3 79244 79273 32 79244 79346 7 79317 79346 19 79317 79390
11 2
24 72835 72908 14 72879 72908 46 72879 72981 13 72952 72981 45 72952 73054 10 73025 73054 48 73025 73127 3 73098 73127 51 73098 73200 4 73171 73200 4 73171 73800
4 73800 73873 4 73844 73873 34 73844 73946 7 73917 73946 40 73917 74019 9 73990 74019 50 73990 74092 12 74063 74092 44 74063 74165 16 74136 74165 22 74136 74209
11 2
20 80841 80914 9 80885 80914 40 80885 80987 7 80958 80987 39 80958 81060 6 81031 81060 14 81031 83400
14 83400 83473 6 83444 83473 39 83444 83546 7 83517 83546 19 83517 83590
11 2
21 81368 81441 15 81412 81441 41 81412 81514 9 81485 81514 40 81485 81587 7 81558 81587 39 81558 81660 6 81631 81660 12 81631 82260
12 82260 82333 6 82304 82333 39 82304 82406 7 82377 82406 19 82377 82450
11 2
13 84391 84720 18 84691 84720 3 84691 85320
3 85320 85393 3 85364 85393 48 85364 85466 10 85437 85466 45 85437 85539 13 85510 85539 23 85510 85583
11 2
13 85471 85800 18 85771 85800 12 85771 87000
12 87000 87073 6 87044 87073 10 87044 87146 8 87117 87146 18 87117 87190
11 2
13 86011 86340 18 86311 86340 3 86311 87540
3 87540 87613 3 87584 87613 32 87584 87686 7 87657 87686 36 87657 87759 8 87730 87759 18 87730 87803