247
11 2
20 1881 1954 9 1925 1954 40 1925 2027 7 1998 2027 34 1998 2100 4 2071 2100 4 2071 3300
4 3300 3373 4 3344 3373 34 3344 3446 7 3417 3446 36 3417 3519 8 3490 3519 18 3490 3563
11 2
18 7281 7354 8 7325 7354 36 7325 7427 7 7398 7427 32 7398 7500 3 7471 7500 3 7471 9000
3 9000 9073 3 9044 9073 32 9044 9146 7 9117 9146 19 9117 9190
11 2
20 9741 9814 9 9785 9814 40 9785 9887 7 9858 9887 34 9858 9960 4 9931 9960 4 9931 11160
4 11160 11233 4 11204 11233 34 11204 11306 7 11277 11306 36 11277 11379 8 11350 11379 18 11350 11423
11 2
20 10221 10294 9 10265 10294 33 10265 10367 3 10338 10367 29 10338 10440 2 10411 10440 2 10411 11040
2 11040 11113 2 11084 11113 30 11084 11186 10 11157 11186 43 11157 11259 16 11230 11259 22 11230 11303
11 2
21 10555 10628 15 10599 10628 41 10599 10701 9 10672 10701 33 10672 10774 3 10745 10774 51 10745 10847 4 10818 10847 52 10818 10920 5 10891 10920 6 10891 11520
6 11520 11593 5 11564 11593 35 11564 11666 6 11637 11666 39 11637 11739 7 11710 11739 19 11710 11783
11 2
21 13461 13534 15 13505 13534 41 13505 13607 9 13578 13607 33 13578 13680 3 13651 13680 3 13651 14580
3 14580 14653 18 14624 14653 13 14624 14953
11 2
18 13581 13654 8 13625 13654 10 13625 13727 6 13698 13727 35 13698 13800 5 13771 13800 7 13771 14700
7 14700 14773 5 14744 14773 35 14744 14846 6 14817 14846 39 14817 14919 7 14890 14919 19 14890 14963
11 2
20 15501 15574 9 15545 15574 33 15545 15647 3 15618 15647 29 15618 15720 2 15691 15720 2 15691 16320
2 16320 16393 2 16364 16393 31 16364 16466 11 16437 16466 37 16437 16539 10 16510 16539 43 16510 16612 16 16583 16612 22 16583 16656
11 2
21 15368 15441 15 15412 15441 41 15412 15514 9 15485 15514 40 15485 15587 7 15558 15587 39 15558 15660 6 15631 15660 11 15631 16560
11 16560 16633 18 16604 16633 13 16604 16933
11 2
24 15308 15381 14 15352 15381 46 15352 15454 13 15425 15454 45 15425 15527 10 15498 15527 48 15498 15600 3 15571 15600 3 15571 16200
3 16200 16273 18 16244 16273 13 16244 16573
11 2
21 15908 15981 15 15952 15981 42 15952 16054 12 16025 16054 49 16025 16127 10 16098 16127 37 16098 16200 11 16171 16200 17 16171 17100
17 17100 17173 11 17144 17173 37 17144 17246 10 17217 17246 45 17217 17319 13 17290 17319 23 17290 17363
11 2
18 15634 15707 8 15678 15707 10 15678 15780 6 15751 15780 12 15751 16680
12 16680 16753 18 16724 16753 13 16724 17053
11 2
21 16448 16521 15 16492 16521 41 16492 16594 9 16565 16594 40 16565 16667 7 16638 16667 34 16638 16740 4 16711 16740 4 16711 17340
4 17340 17413 4 17384 17413 34 17384 17486 7 17457 17486 19 17457 17530
11 2
21 16735 16808 15 16779 16808 41 16779 16881 9 16852 16881 40 16852 16954 7 16925 16954 34 16925 17027 4 16998 17027 52 16998 17100 5 17071 17100 5 17071 17880
5 17880 17953 5 17924 17953 52 17924 18026 4 17997 18026 34 17997 18099 7 18070 18099 19 18070 18143
11 2
18 16388 16461 8 16432 16461 36 16432 16534 7 16505 16534 34 16505 16607 4 16578 16607 52 16578 16680 5 16651 16680 6 16651 18180
6 18180 18253 5 18224 18253 35 18224 18326 6 18297 18326 39 18297 18399 7 18370 18399 19 18370 18443
11 2
18 16534 16607 8 16578 16607 10 16578 16680 6 16651 16680 14 16651 18180
14 18180 18253 18 18224 18253 13 18224 18553
11 2
21 17828 17901 15 17872 17901 41 17872 17974 9 17945 17974 40 17945 18047 7 18018 18047 39 18018 18120 6 18091 18120 11 18091 19020
11 19020 19093 6 19064 19093 39 19064 19166 7 19137 19166 19 19137 19210
11 2
21 18355 18428 15 18399 18428 42 18399 18501 12 18472 18501 49 18472 18574 10 18545 18574 37 18545 18647 11 18618 18647 31 18618 18720 2 18691 18720 2 18691 19320
2 19320 19393 18 19364 19393 13 19364 19693
11 2
21 18895 18968 15 18939 18968 42 18939 19041 12 19012 19041 49 19012 19114 10 19085 19114 30 19085 19187 2 19158 19187 27 19158 19260 1 19231 19260 1 19231 20160
1 20160 20233 18 20204 20233 13 20204 20533
11 2
18 19448 19521 8 19492 19521 36 19492 19594 7 19565 19594 32 19565 19667 3 19638 19667 29 19638 19740 2 19711 19740 2 19711 20640
2 20640 20713 18 20684 20713 13 20684 21013
11 2
21 19435 19508 15 19479 19508 41 19479 19581 9 19552 19581 40 19552 19654 7 19625 19654 39 19625 19727 6 19698 19727 35 19698 19800 5 19771 19800 9 19771 20700
9 20700 20773 5 20744 20773 52 20744 20846 4 20817 20846 34 20817 20919 7 20890 20919 19 20890 20963
11 2
21 19615 19688 15 19659 19688 41 19659 19761 9 19732 19761 40 19732 19834 7 19805 19834 39 19805 19907 6 19878 19907 35 19878 19980 5 19951 19980 8 19951 20880
8 20880 20953 18 20924 20953 13 20924 21253
11 2
21 20048 20121 15 20092 20121 41 20092 20194 9 20165 20194 40 20165 20267 7 20238 20267 39 20238 20340 6 20311 20340 12 20311 21240
12 21240 21313 18 21284 21313 13 21284 21613
11 2
21 20588 20661 15 20632 20661 41 20632 20734 9 20705 20734 40 20705 20807 7 20778 20807 39 20778 20880 6 20851 20880 14 20851 21480
14 21480 21553 18 21524 21553 13 21524 21853
11 2
21 20335 20408 15 20379 20408 41 20379 20481 9 20452 20481 33 20452 20554 3 20525 20554 29 20525 20627 2 20598 20627 27 20598 20700 1 20671 20700 1 20671 21600
1 21600 21673 1 21644 21673 27 21644 21746 2 21717 21746 30 21717 21819 10 21790 21819 45 21790 21892 13 21863 21892 23 21863 21936
11 2
21 20455 20528 15 20499 20528 42 20499 20601 12 20572 20601 49 20572 20674 10 20645 20674 37 20645 20747 11 20718 20747 31 20718 20820 2 20791 20820 2 20791 21720
2 21720 21793 18 21764 21793 13 21764 22093
11 2
24 21874 21947 14 21918 21947 38 21918 22020 11 21991 22020 16 21991 23760
16 23760 23833 11 23804 23833 37 23804 23906 10 23877 23906 45 23877 23979 13 23950 23979 23 23950 24023
11 2
20 22101 22174 9 22145 22174 33 22145 22247 3 22218 22247 29 22218 22320 2 22291 22320 2 22291 24060
2 24060 24133 2 24104 24133 30 24104 24206 10 24177 24206 45 24177 24279 13 24250 24279 23 24250 24323
11 2
18 20901 20974 8 20945 20974 10 20945 21047 6 21018 21047 35 21018 21120 5 21091 21120 5 21091 22620
5 22620 22693 18 22664 22693 13 22664 22993
11 2
18 21874 21947 8 21918 21947 10 21918 22020 6 21991 22020 12 21991 22920
12 22920 22993 6 22964 22993 39 22964 23066 7 23037 23066 19 23037 23110
11 2
18 21201 21274 8 21245 21274 36 21245 21347 7 21318 21347 34 21318 21420 4 21391 21420 4 21391 22920
4 22920 22993 18 22964 22993 13 22964 23293
11 2
18 22101 22174 8 22145 22174 36 22145 22247 7 22218 22247 32 22218 22320 3 22291 22320 3 22291 23220
3 23220 23293 3 23264 23293 48 23264 23366 10 23337 23366 45 23337 23439 13 23410 23439 23 23410 23483
11 2
13 23311 23640 18 23611 23640 1 23611 24240
1 24240 24313 18 24284 24313 13 24284 24613
11 2
18 22521 22594 8 22565 22594 10 22565 22667 6 22638 22667 35 22638 22740 5 22711 22740 8 22711 23640
8 23640 23713 5 23684 23713 52 23684 23786 4 23757 23786 34 23757 23859 7 23830 23859 19 23830 23903
11 2
20 24021 24094 9 24065 24094 40 24065 24167 7 24138 24167 39 24138 24240 6 24211 24240 11 24211 25920
11 25920 25993 6 25964 25993 39 25964 26066 7 26037 26066 19 26037 26110
11 2
24 24261 24334 14 24305 24334 38 24305 24407 11 24378 24407 31 24378 24480 2 24451 24480 2 24451 25860
2 25860 25933 2 25904 25933 30 25904 26006 10 25977 26006 45 25977 26079 13 26050 26079 23 26050 26123
11 2
18 22761 22834 8 22805 22834 10 22805 22907 6 22878 22907 35 22878 22980 5 22951 22980 6 22951 24480
6 24480 24553 18 24524 24553 13 24524 24853
11 2
13 24331 24660 18 24631 24660 5 24631 25380
5 25380 25453 18 25424 25453 13 25424 25753
11 2
21 23528 23601 15 23572 23601 41 23572 23674 9 23645 23674 40 23645 23747 7 23718 23747 39 23718 23820 6 23791 23820 12 23791 24720
12 24720 24793 18 24764 24793 13 24764 25093
11 2
13 24811 25140 18 25111 25140 14 25111 27000
14 27000 27073 18 27044 27073 13 27044 27373
11 2
24 24895 24968 14 24939 24968 46 24939 25041 13 25012 25041 45 25012 25114 10 25085 25114 48 25085 25187 3 25158 25187 51 25158 25260 4 25231 25260 4 25231 25860
4 25860 25933 4 25904 25933 34 25904 26006 7 25977 26006 40 25977 26079 9 26050 26079 50 26050 26152 12 26123 26152 44 26123 26225 16 26196 26225 22 26196 26269
11 2
18 24321 24394 8 24365 24394 36 24365 24467 7 24438 24467 32 24438 24540 3 24511 24540 3 24511 25440
3 25440 25513 3 25484 25513 48 25484 25586 10 25557 25586 45 25557 25659 13 25630 25659 23 25630 25703
11 2
20 25761 25834 9 25805 25834 33 25805 25907 3 25878 25907 29 25878 25980 2 25951 25980 2 25951 26460
2 26460 26533 2 26504 26533 30 26504 26606 10 26577 26606 43 26577 26679 16 26650 26679 22 26650 26723
11 2
20 25461 25534 9 25505 25534 40 25505 25607 7 25578 25607 39 25578 25680 6 25651 25680 12 25651 25980
12 25980 26053 18 26024 26053 13 26024 26353
11 2
21 25508 25581 15 25552 25581 42 25552 25654 12 25625 25654 49 25625 25727 10 25698 25727 48 25698 25800 3 25771 25800 3 25771 26400
3 26400 26473 18 26444 26473 13 26444 26773
11 2
24 26275 26348 14 26319 26348 46 26319 26421 13 26392 26421 45 26392 26494 10 26465 26494 48 26465 26567 3 26538 26567 51 26538 26640 4 26611 26640 4 26611 28680
4 28680 28753 18 28724 28753 13 28724 29053
11 2
13 26371 26700 18 26671 26700 3 26671 27300
3 27300 27373 3 27344 27373 48 27344 27446 10 27417 27446 43 27417 27519 16 27490 27519 22 27490 27563
11 2
13 25171 25500 18 25471 25500 1 25471 26760
1 26760 26833 1 26804 26833 27 26804 26906 2 26877 26906 30 26877 26979 10 26950 26979 45 26950 27052 13 27023 27052 23 27023 27096
11 2
20 26721 26794 9 26765 26794 40 26765 26867 7 26838 26867 39 26838 26940 6 26911 26940 11 26911 27720
11 27720 27793 6 27764 27793 39 27764 27866 7 27837 27866 19 27837 27910
11 2
20 26948 27021 9 26992 27021 40 26992 27094 7 27065 27094 39 27065 27167 6 27138 27167 35 27138 27240 5 27211 27240 6 27211 27840
6 27840 27913 5 27884 27913 35 27884 27986 6 27957 27986 10 27957 28059 8 28030 28059 18 28030 28103
11 2
13 26971 27300 18 27271 27300 2 27271 28140
2 28140 28213 18 28184 28213 13 28184 28513
11 2
24 27394 27467 14 27438 27467 38 27438 27540 11 27511 27540 15 27511 28140
15 28140 28213 11 28184 28213 37 28184 28286 10 28257 28286 43 28257 28359 16 28330 28359 22 28330 28403
11 2
13 27271 27600 18 27571 27600 9 27571 29160
9 29160 29233 18 29204 29233 13 29204 29533
11 2
24 27642 27715 14 27686 27715 46 27686 27788 13 27759 27788 45 27759 27861 10 27832 27861 48 27832 27934 3 27905 27934 51 27905 28007 4 27978 28007 52 27978 28080 5 28051 28080 6 28051 29520
6 29520 29593 5 29564 29593 52 29564 29666 4 29637 29666 51 29637 29739 3 29710 29739 48 29710 29812 10 29783 29812 45 29783 29885 13 29856 29885 23 29856 29929
11 2
20 28234 28307 9 28278 28307 33 28278 28380 3 28351 28380 3 28351 28980
3 28980 29053 3 29024 29053 48 29024 29126 10 29097 29126 43 29097 29199 16 29170 29199 22 29170 29243
11 2
13 28171 28500 18 28471 28500 8 28471 29100
8 29100 29173 5 29144 29173 35 29144 29246 6 29217 29246 10 29217 29319 8 29290 29319 18 29290 29363
11 2
20 28461 28534 9 28505 28534 40 28505 28607 7 28578 28607 39 28578 28680 6 28651 28680 14 28651 29220
14 29220 29293 6 29264 29293 39 29264 29366 7 29337 29366 40 29337 29439 9 29410 29439 50 29410 29512 12 29483 29512 44 29483 29585 16 29556 29585 22 29556 29629
11 2
24 28521 28594 14 28565 28594 38 28565 28667 11 28638 28667 31 28638 28740 2 28711 28740 2 28711 29340
2 29340 29413 2 29384 29413 29 29384 29486 3 29457 29486 32 29457 29559 7 29530 29559 36 29530 29632 8 29603 29632 18 29603 29676
11 2
13 28771 29100 18 29071 29100 5 29071 29700
5 29700 29773 5 29744 29773 35 29744 29846 6 29817 29846 10 29817 29919 8 29890 29919 18 29890 29963
12 3
24 26721 26794 14 26765 26794 38 26765 26867 11 26838 26867 28 26838 26940 1 26911 26940 1 26911 27540
1 27540 29220 1 29191 29220 27 29191 29293 2 29264 29293 29 29264 29366 3 29337 29366 32 29337 29439 7 29410 29439 36 29410 29512 8 29483 29512 18 29483 29556
1 29220 29293 1 29264 29293 28 29264 29366 11 29337 29366 37 29337 29439 10 29410 29439 45 29410 29512 13 29483 29512 23 29483 29556
11 2
24 28675 28748 14 28719 28748 46 28719 28821 13 28792 28821 45 28792 28894 10 28865 28894 48 28865 28967 3 28938 28967 51 28938 29040 4 29011 29040 4 29011 29580
4 29580 29653 18 29624 29653 13 29624 29953
11 2
13 29251 29580 18 29551 29580 7 29551 30180
7 30180 30253 5 30224 30253 52 30224 30326 4 30297 30326 51 30297 30399 3 30370 30399 48 30370 30472 10 30443 30472 43 30443 30545 16 30516 30545 22 30516 30589
11 2
18 28174 28247 8 28218 28247 10 28218 28320 6 28291 28320 12 28291 29820
12 29820 29893 18 29864 29893 13 29864 30193
11 2
21 28855 28928 15 28899 28928 41 28899 29001 9 28972 29001 40 28972 29074 7 29045 29074 34 29045 29147 4 29118 29147 52 29118 29220 5 29191 29220 8 29191 29820
8 29820 29893 5 29864 29893 52 29864 29966 4 29937 29966 34 29937 30039 7 30010 30039 19 30010 30083
11 2
24 29734 29807 14 29778 29807 38 29778 29880 11 29851 29880 17 29851 31260
17 31260 31333 11 31304 31333 37 31304 31406 10 31377 31406 45 31377 31479 13 31450 31479 23 31450 31523
11 2
18 28414 28487 8 28458 28487 10 28458 28560 6 28531 28560 11 28531 30060
11 30060 30133 18 30104 30133 13 30104 30433
11 2
13 29911 30240 18 30211 30240 1 30211 30840
1 30840 30913 1 30884 30913 28 30884 30986 11 30957 30986 37 30957 31059 10 31030 31059 43 31030 31132 16 31103 31132 22 31103 31176
11 2
24 30274 30347 14 30318 30347 38 30318 30420 11 30391 30420 15 30391 31020
15 31020 31093 11 31064 31093 38 31064 31166 14 31137 31166 47 31137 31239 17 31210 31239 25 31210 31283
11 2
21 29275 29348 15 29319 29348 42 29319 29421 12 29392 29421 49 29392 29494 10 29465 29494 37 29465 29567 11 29538 29567 31 29538 29640 2 29611 29640 2 29611 30540
2 30540 30613 2 30584 30613 30 30584 30686 10 30657 30686 45 30657 30759 13 30730 30759 23 30730 30803
11 2
20 30321 30394 9 30365 30394 40 30365 30467 7 30438 30467 39 30438 30540 6 30511 30540 14 30511 31140
14 31140 31213 6 31184 31213 10 31184 31286 8 31257 31286 18 31257 31330
11 2
24 30681 30754 14 30725 30754 38 30725 30827 11 30798 30827 31 30798 30900 2 30871 30900 2 30871 31500
2 31500 31573 2 31544 31573 29 31544 31646 3 31617 31646 32 31617 31719 7 31690 31719 36 31690 31792 8 31763 31792 18 31763 31836
11 2
18 29108 29181 8 29152 29181 36 29152 29254 7 29225 29254 34 29225 29327 4 29298 29327 52 29298 29400 5 29371 29400 9 29371 30900
9 30900 30973 18 30944 30973 13 30944 31273
11 2
20 29014 29087 9 29058 29087 33 29058 29160 3 29131 29160 3 29131 30960
3 30960 31033 3 31004 31033 48 31004 31106 10 31077 31106 45 31077 31179 13 31150 31179 23 31150 31223
11 2
13 30691 31020 18 30991 31020 7 30991 32220
7 32220 32293 5 32264 32293 52 32264 32366 4 32337 32366 34 32337 32439 7 32410 32439 36 32410 32512 8 32483 32512 18 32483 32556
11 2
24 31461 31534 14 31505 31534 38 31505 31607 11 31578 31607 28 31578 31680 1 31651 31680 1 31651 32280
1 32280 32353 1 32324 32353 27 32324 32426 2 32397 32426 30 32397 32499 10 32470 32499 43 32470 32572 16 32543 32572 22 32543 32616
11 2
13 31471 31800 18 31771 31800 4 31771 32400
4 32400 32473 4 32444 32473 34 32444 32546 7 32517 32546 40 32517 32619 9 32590 32619 50 32590 32692 12 32663 32692 44 32663 32765 16 32736 32765 22 32736 32809
11 2
13 31771 32100 18 32071 32100 6 32071 32700
6 32700 32773 5 32744 32773 35 32744 32846 6 32817 32846 10 32817 32919 8 32890 32919 18 32890 32963
11 2
13 32011 32340 18 32311 32340 2 32311 32940
2 32940 33013 2 32984 33013 31 32984 33086 11 33057 33086 37 33057 33159 10 33130 33159 43 33130 33232 16 33203 33232 22 33203 33276
11 2
13 32911 33240 18 33211 33240 3 33211 33840
3 33840 33913 3 33884 33913 33 33884 33986 9 33957 33986 50 33957 34059 12 34030 34059 44 34030 34132 16 34103 34132 22 34103 34176
11 2
24 33042 33115 14 33086 33115 46 33086 33188 13 33159 33188 45 33159 33261 10 33232 33261 48 33232 33334 3 33305 33334 51 33305 33407 4 33378 33407 52 33378 33480 5 33451 33480 6 33451 34080
6 34080 34153 5 34124 34153 52 34124 34226 4 34197 34226 34 34197 34299 7 34270 34299 36 34270 34372 8 34343 34372 18 34343 34416
11 2
20 33261 33334 9 33305 33334 40 33305 33407 7 33378 33407 34 33378 33480 4 33451 33480 4 33451 34080
4 34080 34153 4 34124 34153 51 34124 34226 3 34197 34226 48 34197 34299 10 34270 34299 43 34270 34372 16 34343 34372 22 34343 34416
11 2
20 33621 33694 9 33665 33694 40 33665 33767 7 33738 33767 39 33738 33840 6 33811 33840 14 33811 34440
14 34440 34513 6 34484 34513 39 34484 34586 7 34557 34586 40 34557 34659 9 34630 34659 50 34630 34732 12 34703 34732 44 34703 34805 16 34776 34805 22 34776 34849
11 2
24 33754 33827 14 33798 33827 38 33798 33900 11 33871 33900 17 33871 39420
17 39420 39493 11 39464 39493 37 39464 39566 10 39537 39566 45 39537 39639 13 39610 39639 23 39610 39683
11 2
21 33235 33308 15 33279 33308 42 33279 33381 12 33352 33381 49 33352 33454 10 33425 33454 30 33425 33527 2 33498 33527 27 33498 33600 1 33571 33600 1 33571 34200
1 34200 34273 1 34244 34273 28 34244 34346 11 34317 34346 37 34317 34419 10 34390 34419 45 34390 34492 13 34463 34492 23 34463 34536
11 2
21 33728 33801 15 33772 33801 42 33772 33874 12 33845 33874 49 33845 33947 10 33918 33947 30 33918 34020 2 33991 34020 2 33991 34620
2 34620 34693 2 34664 34693 30 34664 34766 10 34737 34766 45 34737 34839 13 34810 34839 23 34810 34883
11 2
13 34351 34680 18 34651 34680 1 34651 38880
1 38880 38953 18 38924 38953 13 38924 39253
11 2
21 33848 33921 15 33892 33921 42 33892 33994 12 33965 33994 49 33965 34067 10 34038 34067 48 34038 34140 3 34111 34140 3 34111 34740
3 34740 34813 3 34784 34813 32 34784 34886 7 34857 34886 19 34857 34930
11 2
13 34891 35220 18 35191 35220 2 35191 35520
2 35520 35593 2 35564 35593 31 35564 35666 11 35637 35666 37 35637 35739 10 35710 35739 45 35710 35812 13 35783 35812 23 35783 35856
11 2
20 35481 35554 9 35525 35554 40 35525 35627 7 35598 35627 39 35598 35700 6 35671 35700 14 35671 36300
14 36300 36373 6 36344 36373 10 36344 36446 8 36417 36446 18 36417 36490
11 2
13 35791 36120 18 36091 36120 5 36091 36720
5 36720 36793 5 36764 36793 52 36764 36866 4 36837 36866 51 36837 36939 3 36910 36939 48 36910 37012 10 36983 37012 43 36983 37085 16 37056 37085 22 37056 37129
21 3
24 36021 36094 14 36065 36094 38 36065 36167 11 36138 36167 31 36138 36240 2 36211 36240 2 36211 37200
20 36321 36394 9 36365 36394 33 36365 36467 3 36438 36467 29 36438 36540 2 36511 36540 2 36511 37200
2 37200 37273 18 37244 37273 13 37244 37573
11 2
21 35901 35974 15 35945 35974 41 35945 36047 9 36018 36047 33 36018 36120 3 36091 36120 3 36091 36720
3 36720 36793 3 36764 36793 32 36764 36866 7 36837 36866 19 36837 36910
11 2
24 36848 36921 14 36892 36921 46 36892 36994 13 36965 36994 45 36965 37067 10 37038 37067 48 37038 37140 3 37111 37140 3 37111 37740
3 37740 37813 3 37784 37813 32 37784 37886 7 37857 37886 36 37857 37959 8 37930 37959 18 37930 38003
11 2
21 36235 36308 15 36279 36308 42 36279 36381 12 36352 36381 49 36352 36454 10 36425 36454 48 36425 36527 3 36498 36527 51 36498 36600 4 36571 36600 4 36571 37200
4 37200 37273 4 37244 37273 34 37244 37346 7 37317 37346 19 37317 37390
11 2
13 36871 37200 18 37171 37200 14 37171 37800
14 37800 37873 6 37844 37873 39 37844 37946 7 37917 37946 40 37917 38019 9 37990 38019 50 37990 38092 12 38063 38092 44 38063 38165 16 38136 38165 22 38136 38209
11 2
21 36608 36681 15 36652 36681 41 36652 36754 9 36725 36754 40 36725 36827 7 36798 36827 39 36798 36900 6 36871 36900 12 36871 37800
12 37800 37873 18 37844 37873 13 37844 38173
11 2
21 37028 37101 15 37072 37101 41 37072 37174 9 37145 37174 33 37145 37247 3 37218 37247 51 37218 37320 4 37291 37320 4 37291 37920
4 37920 37993 4 37964 37993 34 37964 38066 7 38037 38066 19 38037 38110
11 2
18 36339 36412 8 36383 36412 36 36383 36485 7 36456 36485 34 36456 36558 4 36529 36558 52 36529 36631 5 36602 36631 6 36602 38160
6 38160 38233 18 38204 38233 13 38204 38533
11 2
18 37148 37221 8 37192 37221 36 37192 37294 7 37265 37294 32 37265 37367 3 37338 37367 29 37338 37440 2 37411 37440 2 37411 38340
2 38340 38413 2 38384 38413 29 38384 38486 3 38457 38486 32 38457 38559 7 38530 38559 19 38530 38603
11 2
13 38251 38580 18 38551 38580 2 38551 39180
2 39180 39253 2 39224 39253 31 39224 39326 11 39297 39326 37 39297 39399 10 39370 39399 43 39370 39472 16 39443 39472 22 39443 39516
11 2
21 36775 36848 15 36819 36848 41 36819 36921 9 36892 36921 40 36892 36994 7 36965 36994 39 36965 37067 6 37038 37067 35 37038 37140 5 37111 37140 5 37111 38640
5 38640 38713 18 38684 38713 13 38684 39013
11 2
20 38601 38674 9 38645 38674 40 38645 38747 7 38718 38747 39 38718 38820 6 38791 38820 14 38791 40320
14 40320 40393 6 40364 40393 39 40364 40466 7 40437 40466 19 40437 40510
11 2
13 38491 38820 18 38791 38820 5 38791 39120
5 39120 39193 5 39164 39193 35 39164 39266 6 39237 39266 39 39237 39339 7 39310 39339 19 39310 39383
11 2
21 38228 38301 15 38272 38301 41 38272 38374 9 38345 38374 40 38345 38447 7 38418 38447 34 38418 38520 4 38491 38520 4 38491 39120
4 39120 39193 18 39164 39193 13 39164 39493
11 2
18 38168 38241 8 38212 38241 36 38212 38314 7 38285 38314 34 38285 38387 4 38358 38387 52 38358 38460 5 38431 38460 9 38431 39360
9 39360 39433 18 39404 39433 13 39404 39733
11 2
18 37821 37894 8 37865 37894 10 37865 37967 6 37938 37967 35 37938 38040 5 38011 38040 7 38011 39540
7 39540 39613 5 39584 39613 52 39584 39686 4 39657 39686 34 39657 39759 7 39730 39759 19 39730 39803
11 2
18 38781 38854 8 38825 38854 36 38825 38927 7 38898 38927 32 38898 39000 3 38971 39000 3 38971 39900
3 39900 39973 3 39944 39973 48 39944 40046 10 40017 40046 45 40017 40119 13 40090 40119 23 40090 40163
11 2
21 39068 39141 15 39112 39141 41 39112 39214 9 39185 39214 33 39185 39287 3 39258 39287 51 39258 39360 4 39331 39360 4 39331 40260
4 40260 40333 4 40304 40333 51 40304 40406 3 40377 40406 48 40377 40479 10 40450 40479 45 40450 40552 13 40523 40552 23 40523 40596
11 2
13 40231 40560 18 40531 40560 5 40531 43980
5 43980 44053 18 44024 44053 13 44024 44353
11 2
20 40461 40534 9 40505 40534 40 40505 40607 7 40578 40607 34 40578 40680 4 40651 40680 4 40651 41280
4 41280 41353 4 41324 41353 34 41324 41426 7 41397 41426 36 41397 41499 8 41470 41499 18 41470 41543
11 2
13 40951 41280 18 41251 41280 2 41251 41880
2 41880 41953 2 41924 41953 30 41924 42026 10 41997 42026 43 41997 42099 16 42070 42099 22 42070 42143
11 2
20 41674 41747 9 41718 41747 33 41718 41820 3 41791 41820 3 41791 42420
3 42420 42493 18 42464 42493 13 42464 42793
11 2
13 42091 42420 18 42391 42420 12 42391 46080
12 46080 46153 18 46124 46153 13 46124 46453
11 2
18 42381 42454 8 42425 42454 36 42425 42527 7 42498 42527 32 42498 42600 3 42571 42600 3 42571 43500
3 43500 43573 3 43544 43573 48 43544 43646 10 43617 43646 45 43617 43719 13 43690 43719 23 43690 43763
11 2
20 43521 43594 9 43565 43594 33 43565 43667 3 43638 43667 29 43638 43740 2 43711 43740 2 43711 44340
2 44340 44413 2 44384 44413 31 44384 44486 11 44457 44486 37 44457 44559 10 44530 44559 43 44530 44632 16 44603 44632 22 44603 44676
11 2
21 43028 43101 15 43072 43101 41 43072 43174 9 43145 43174 40 43145 43247 7 43218 43247 39 43218 43320 6 43291 43320 14 43291 44220
14 44220 44293 18 44264 44293 13 44264 44593
11 2
18 43594 43667 8 43638 43667 10 43638 43740 6 43711 43740 11 43711 44640
11 44640 44713 6 44684 44713 39 44684 44786 7 44757 44786 19 44757 44830
11 2
21 43508 43581 15 43552 43581 42 43552 43654 12 43625 43654 49 43625 43727 10 43698 43727 48 43698 43800 3 43771 43800 3 43771 44700
3 44700 44773 18 44744 44773 13 44744 45073
11 2
20 44588 44661 9 44632 44661 40 44632 44734 7 44705 44734 34 44705 44807 4 44778 44807 52 44778 44880 5 44851 44880 6 44851 45480
6 45480 45553 5 45524 45553 35 45524 45626 6 45597 45626 39 45597 45699 7 45670 45699 40 45670 45772 9 45743 45772 50 45743 45845 12 45816 45845 44 45816 45918 16 45889 45918 22 45889 45962
11 2
13 44671 45000 18 44971 45000 3 44971 45600
3 45600 45673 3 45644 45673 48 45644 45746 10 45717 45746 43 45717 45819 16 45790 45819 22 45790 45863
11 2
13 45451 45780 18 45751 45780 8 45751 46980
8 46980 47053 5 47024 47053 35 47024 47126 6 47097 47126 10 47097 47199 8 47170 47199 18 47170 47243
11 2
24 45968 46041 14 46012 46041 46 46012 46114 13 46085 46114 45 46085 46187 10 46158 46187 37 46158 46260 11 46231 46260 15 46231 47100
15 47100 47173 11 47144 47173 37 47144 47246 10 47217 47246 45 47217 47319 13 47290 47319 23 47290 47363
11 2
13 45691 46020 18 45991 46020 11 45991 46320
11 46320 46393 6 46364 46393 39 46364 46466 7 46437 46466 19 46437 46510
11 2
13 46171 46500 18 46471 46500 14 46471 49320
14 49320 49393 18 49364 49393 13 49364 49693
11 2
20 46701 46774 9 46745 46774 40 46745 46847 7 46818 46847 39 46818 46920 6 46891 46920 11 46891 47520
11 47520 47593 6 47564 47593 10 47564 47666 8 47637 47666 18 47637 47710
11 2
13 46771 47100 18 47071 47100 4 47071 47700
4 47700 47773 4 47744 47773 34 47744 47846 7 47817 47846 40 47817 47919 9 47890 47919 50 47890 47992 12 47963 47992 44 47963 48065 16 48036 48065 22 48036 48109
11 2
13 47011 47340 18 47311 47340 2 47311 51660
2 51660 51733 18 51704 51733 13 51704 52033
11 2
21 46628 46701 15 46672 46701 42 46672 46774 12 46745 46774 49 46745 46847 10 46818 46847 48 46818 46920 3 46891 46920 3 46891 47520
3 47520 47593 3 47564 47593 32 47564 47666 7 47637 47666 19 47637 47710
11 2
20 44108 44181 9 44152 44181 33 44152 44254 3 44225 44254 29 44225 44327 2 44298 44327 27 44298 44400 1 44371 44400 1 44371 47580
1 47580 47653 18 47624 47653 13 47624 47953
11 2
20 47494 47567 9 47538 47567 33 47538 47640 3 47611 47640 3 47611 48240
3 48240 48313 3 48284 48313 48 48284 48386 10 48357 48386 43 48357 48459 16 48430 48459 22 48430 48503
11 2
18 46461 46534 8 46505 46534 10 46505 46607 6 46578 46607 35 46578 46680 5 46651 46680 5 46651 48180
5 48180 48253 5 48224 48253 52 48224 48326 4 48297 48326 34 48297 48399 7 48370 48399 19 48370 48443
11 2
21 47215 47288 15 47259 47288 41 47259 47361 9 47332 47361 40 47332 47434 7 47405 47434 39 47405 47507 6 47478 47507 35 47478 47580 5 47551 47580 8 47551 48480
8 48480 48553 18 48524 48553 13 48524 48853
11 2
13 48811 49140 18 49111 49140 9 49111 49740
9 49740 49813 5 49784 49813 35 49784 49886 6 49857 49886 10 49857 49959 8 49930 49959 18 49930 50003
11 2
18 48514 48587 8 48558 48587 10 48558 48660 6 48631 48660 11 48631 49560
11 49560 49633 18 49604 49633 13 49604 49933
11 2
24 49748 49821 14 49792 49821 46 49792 49894 13 49865 49894 45 49865 49967 10 49938 49967 37 49938 50040 11 50011 50040 16 50011 50640
16 50640 50713 11 50684 50713 38 50684 50786 14 50757 50786 47 50757 50859 17 50830 50859 26 50830 50903
11 2
20 49868 49941 9 49912 49941 33 49912 50014 3 49985 50014 29 49985 50087 2 50058 50087 27 50058 50160 1 50131 50160 1 50131 50760
1 50760 50833 18 50804 50833 13 50804 51133
11 2
13 50131 50460 18 50431 50460 14 50431 51060
14 51060 51133 6 51104 51133 10 51104 51206 8 51177 51206 18 51177 51250
11 2
20 50481 50554 9 50525 50554 40 50525 50627 7 50598 50627 39 50598 50700 6 50671 50700 12 50671 51300
12 51300 51373 6 51344 51373 10 51344 51446 8 51417 51446 18 51417 51490
11 2
18 49534 49607 8 49578 49607 10 49578 49680 6 49651 49680 11 49651 51180
11 51180 51253 18 51224 51253 13 51224 51553
11 2
13 51271 51600 18 51571 51600 11 51571 52200
11 52200 52273 6 52244 52273 10 52244 52346 8 52317 52346 18 52317 52390
11 2
13 51751 52080 18 52051 52080 5 52051 53280
5 53280 53353 5 53324 53353 35 53324 53426 6 53397 53426 10 53397 53499 8 53470 53499 18 53470 53543
11 2
18 50935 51008 8 50979 51008 36 50979 51081 7 51052 51081 32 51052 51154 3 51125 51154 29 51125 51227 2 51198 51227 27 51198 51300 1 51271 51300 1 51271 52800
1 52800 52873 18 52844 52873 13 52844 53173
11 2
18 51321 51394 8 51365 51394 36 51365 51467 7 51438 51467 34 51438 51540 4 51511 51540 4 51511 53040
4 53040 53113 18 53084 53113 13 53084 53413
11 2
13 49291 49620 18 49591 49620 5 49591 50220
5 50220 50293 5 50264 50293 35 50264 50366 6 50337 50366 10 50337 50439 8 50410 50439 18 50410 50483
11 2
18 52534 52607 8 52578 52607 10 52578 52680 6 52651 52680 14 52651 53580
14 53580 53653 18 53624 53653 13 53624 53953
11 2
18 51788 51861 8 51832 51861 36 51832 51934 7 51905 51934 34 51905 52007 4 51978 52007 52 51978 52080 5 52051 52080 7 52051 53520
7 53520 53593 5 53564 53593 35 53564 53666 6 53637 53666 39 53637 53739 7 53710 53739 19 53710 53783
11 2
13 53251 53580 18 53551 53580 4 53551 54180
4 54180 54253 18 54224 54253 13 54224 54553
11 2
18 52701 52774 8 52745 52774 36 52745 52847 7 52818 52847 32 52818 52920 3 52891 52920 3 52891 53880
3 53880 53953 3 53924 53953 32 53924 54026 7 53997 54026 19 53997 54070
11 2
13 54151 54480 18 54451 54480 2 54451 54960
2 54960 55033 2 55004 55033 30 55004 55106 10 55077 55106 49 55077 55179 12 55150 55179 42 55150 55252 15 55223 55252 21 55223 55296
11 2
13 54391 54720 18 54691 54720 7 54691 55920
7 55920 55993 5 55964 55993 35 55964 56066 6 56037 56066 10 56037 56139 8 56110 56139 18 56110 56183
11 2
24 53802 53875 14 53846 53875 46 53846 53948 13 53919 53948 45 53919 54021 10 53992 54021 48 53992 54094 3 54065 54094 51 54065 54167 4 54138 54167 52 54138 54240 5 54211 54240 5 54211 54780
5 54780 54853 18 54824 54853 13 54824 55153
21 3
24 55054 55127 14 55098 55127 38 55098 55200 11 55171 55200 15 55171 56460
24 55354 55427 14 55398 55427 38 55398 55500 11 55471 55500 15 55471 56460
15 56460 56533 11 56504 56533 37 56504 56606 10 56577 56606 45 56577 56679 13 56650 56679 23 56650 56723
11 2
13 55231 55560 18 55531 55560 2 55531 56160
2 56160 56233 2 56204 56233 31 56204 56306 11 56277 56306 37 56277 56379 10 56350 56379 45 56350 56452 13 56423 56452 23 56423 56496
11 2
24 55821 55894 14 55865 55894 38 55865 55967 11 55938 55967 28 55938 56040 1 56011 56040 1 56011 59160
1 59160 59233 18 59204 59233 13 59204 59533
11 2
21 55401 55474 15 55445 55474 41 55445 55547 9 55518 55547 33 55518 55620 3 55591 55620 3 55591 56220
3 56220 56293 3 56264 56293 32 56264 56366 7 56337 56366 19 56337 56410
11 2
24 56048 56121 14 56092 56121 46 56092 56194 13 56165 56194 45 56165 56267 10 56238 56267 48 56238 56340 3 56311 56340 3 56311 57480
3 57480 57553 3 57524 57553 32 57524 57626 7 57597 57626 36 57597 57699 8 57670 57699 18 57670 57743
11 2
13 56191 56520 18 56491 56520 9 56491 59820
9 59820 59893 18 59864 59893 13 59864 60193
21 3
20 56828 56901 9 56872 56901 33 56872 56974 3 56945 56974 51 56945 57047 4 57018 57047 52 57018 57120 5 57091 57120 6 57091 61860
18 59768 59841 8 59812 59841 36 59812 59914 7 59885 59914 34 59885 59987 4 59958 59987 52 59958 60060 5 60031 60060 6 60031 61860
6 61860 61933 5 61904 61933 52 61904 62006 4 61977 62006 51 61977 62079 3 62050 62079 48 62050 62152 10 62123 62152 45 62123 62225 13 62196 62225 23 62196 62269
11 2
24 57094 57167 14 57138 57167 38 57138 57240 11 57211 57240 15 57211 57900
15 57900 57973 11 57944 57973 37 57944 58046 10 58017 58046 45 58017 58119 13 58090 58119 23 58090 58163
11 2
21 56108 56181 15 56152 56181 41 56152 56254 9 56225 56254 40 56225 56327 7 56298 56327 39 56298 56400 6 56371 56400 12 56371 57300
12 57300 57373 18 57344 57373 13 57344 57673
11 2
24 57994 58067 14 58038 58067 38 58038 58140 11 58111 58140 15 58111 60060
15 60060 60133 11 60104 60133 37 60104 60206 10 60177 60206 45 60177 60279 13 60250 60279 23 60250 60323
11 2
18 57063 57136 8 57107 57136 36 57107 57209 7 57180 57209 32 57180 57282 3 57253 57282 29 57253 57355 2 57326 57355 2 57326 58260
2 58260 58333 2 58304 58333 31 58304 58406 11 58377 58406 37 58377 58479 10 58450 58479 45 58450 58552 13 58523 58552 23 58523 58596
11 2
18 57141 57214 8 57185 57214 10 57185 57287 6 57258 57287 35 57258 57360 5 57331 57360 5 57331 58860
5 58860 58933 18 58904 58933 13 58904 59233
11 2
18 58508 58581 8 58552 58581 36 58552 58654 7 58625 58654 32 58625 58727 3 58698 58727 29 58698 58800 2 58771 58800 2 58771 59700
2 59700 59773 2 59744 59773 31 59744 59846 11 59817 59846 37 59817 59919 10 59890 59919 45 59890 59992 13 59963 59992 23 59963 60036
11 2
18 58654 58727 8 58698 58727 10 58698 58800 6 58771 58800 12 58771 59700
12 59700 59773 6 59744 59773 39 59744 59846 7 59817 59846 19 59817 59890
11 2
18 59074 59147 8 59118 59147 10 59118 59220 6 59191 59220 11 59191 60120
11 60120 60193 6 60164 60193 39 60164 60266 7 60237 60266 19 60237 60310
11 2
24 59922 59995 14 59966 59995 46 59966 60068 13 60039 60068 45 60039 60141 10 60112 60141 48 60112 60214 3 60185 60214 51 60185 60287 4 60258 60287 52 60258 60360 5 60331 60360 7 60331 62400
7 62400 62473 5 62444 62473 52 62444 62546 4 62517 62546 34 62517 62619 7 62590 62619 19 62590 62663
11 2
21 59288 59361 15 59332 59361 41 59332 59434 9 59405 59434 40 59405 59507 7 59478 59507 39 59478 59580 6 59551 59580 14 59551 60480
14 60480 60553 18 60524 60553 13 60524 60853
11 2
18 59854 59927 8 59898 59927 10 59898 60000 6 59971 60000 12 59971 60900
12 60900 60973 18 60944 60973 13 60944 61273
11 2
24 60934 61007 14 60978 61007 38 60978 61080 11 61051 61080 17 61051 62760
17 62760 62833 11 62804 62833 37 62804 62906 10 62877 62906 45 62877 62979 13 62950 62979 23 62950 63023
11 2
21 60321 60394 15 60365 60394 41 60365 60467 9 60438 60467 33 60438 60540 3 60511 60540 3 60511 61140
3 61140 61213 3 61184 61213 32 61184 61286 7 61257 61286 19 61257 61330
11 2
20 59708 59781 9 59752 59781 33 59752 59854 3 59825 59854 29 59825 59927 2 59898 59927 27 59898 60000 1 59971 60000 1 59971 61440
1 61440 61513 18 61484 61513 13 61484 61813
11 2
20 64461 64534 9 64505 64534 40 64505 64607 7 64578 64607 34 64578 64680 4 64651 64680 4 64651 64980
4 64980 65053 18 65024 65053 13 65024 65353
11 2
20 61868 61941 9 61912 61941 40 61912 62014 7 61985 62014 34 61985 62087 4 62058 62087 52 62058 62160 5 62131 62160 6 62131 63360
6 63360 63433 5 63404 63433 35 63404 63506 6 63477 63506 10 63477 63579 8 63550 63579 18 63550 63623
11 2
21 61328 61401 15 61372 61401 41 61372 61474 9 61445 61474 40 61445 61547 7 61518 61547 39 61518 61620 6 61591 61620 14 61591 62520
14 62520 62593 18 62564 62593 13 62564 62893
11 2
18 61714 61787 8 61758 61787 10 61758 61860 6 61831 61860 12 61831 62760
12 62760 62833 18 62804 62833 13 62804 63133
11 2
24 62841 62914 14 62885 62914 38 62885 62987 11 62958 62987 31 62958 63060 2 63031 63060 2 63031 65760
2 65760 65833 18 65804 65833 13 65804 66133
11 2
18 61555 61628 8 61599 61628 36 61599 61701 7 61672 61701 32 61672 61774 3 61745 61774 29 61745 61847 2 61818 61847 27 61818 61920 1 61891 61920 1 61891 63420
1 63420 63493 1 63464 63493 27 63464 63566 2 63537 63566 29 63537 63639 3 63610 63639 32 63610 63712 7 63683 63712 19 63683 63756
11 2
21 62275 62348 15 62319 62348 41 62319 62421 9 62392 62421 40 62392 62494 7 62465 62494 39 62465 62567 6 62538 62567 35 62538 62640 5 62611 62640 5 62611 63540
5 63540 63613 18 63584 63613 13 63584 63913
11 2
13 63211 63540 18 63511 63540 14 63511 67680
14 67680 67753 18 67724 67753 13 67724 68053
11 2
18 62674 62747 8 62718 62747 10 62718 62820 6 62791 62820 11 62791 63720
11 63720 63793 6 63764 63793 39 63764 63866 7 63837 63866 19 63837 63910
11 2
24 62134 62207 14 62178 62207 38 62178 62280 11 62251 62280 16 62251 63780
16 63780 63853 11 63824 63853 37 63824 63926 10 63897 63926 45 63897 63999 13 63970 63999 23 63970 64043
11 2
24 63908 63981 14 63952 63981 46 63952 64054 13 64025 64054 45 64025 64127 10 64098 64127 48 64098 64200 3 64171 64200 3 64171 65460
3 65460 65533 3 65504 65533 48 65504 65606 10 65577 65606 45 65577 65679 13 65650 65679 23 65650 65723
11 2
21 63068 63141 15 63112 63141 41 63112 63214 9 63185 63214 40 63185 63287 7 63258 63287 39 63258 63360 6 63331 63360 12 63331 64260
12 64260 64333 18 64304 64333 13 64304 64633
11 2
24 64354 64427 14 64398 64427 38 64398 64500 11 64471 64500 16 64471 65100
16 65100 65173 11 65144 65173 37 65144 65246 10 65217 65246 45 65217 65319 13 65290 65319 23 65290 65363
11 2
13 63691 64020 18 63991 64020 1 63991 64500
1 64500 64573 1 64544 64573 27 64544 64646 2 64617 64646 30 64617 64719 10 64690 64719 45 64690 64792 13 64763 64792 23 64763 64836
11 2
18 63741 63814 8 63785 63814 10 63785 63887 6 63858 63887 35 63858 63960 5 63931 63960 7 63931 64800
7 64800 64873 5 64844 64873 52 64844 64946 4 64917 64946 51 64917 65019 3 64990 65019 48 64990 65092 10 65063 65092 45 65063 65165 13 65136 65165 23 65136 65209
11 2
18 63908 63981 8 63952 63981 36 63952 64054 7 64025 64054 34 64025 64127 4 64098 64127 52 64098 64200 5 64171 64200 6 64171 65100
6 65100 65173 5 65144 65173 35 65144 65246 6 65217 65246 39 65217 65319 7 65290 65319 19 65290 65363
11 2
18 64294 64367 8 64338 64367 10 64338 64440 6 64411 64440 11 64411 65400
11 65400 65473 6 65444 65473 39 65444 65546 7 65517 65546 19 65517 65590
11 2
24 64881 64954 14 64925 64954 38 64925 65027 11 64998 65027 28 64998 65100 1 65071 65100 1 65071 65520
1 65520 65593 18 65564 65593 13 65564 65893
11 2
20 65648 65721 9 65692 65721 40 65692 65794 7 65765 65794 34 65765 65867 4 65838 65867 52 65838 65940 5 65911 65940 5 65911 67680
5 67680 67753 5 67724 67753 35 67724 67826 6 67797 67826 39 67797 67899 7 67870 67899 19 67870 67943
11 2
24 65854 65927 14 65898 65927 38 65898 66000 11 65971 66000 15 65971 67260
15 67260 67333 11 67304 67333 37 67304 67406 10 67377 67406 45 67377 67479 13 67450 67479 23 67450 67523
11 2
18 64414 64487 8 64458 64487 10 64458 64560 6 64531 64560 12 64531 66060
12 66060 66133 18 66104 66133 13 66104 66433
11 2
13 64471 64800 18 64771 64800 9 64771 66360
9 66360 66433 18 66404 66433 13 66404 66733
11 2
13 66091 66420 18 66391 66420 2 66391 67020
2 67020 67093 2 67064 67093 30 67064 67166 10 67137 67166 43 67137 67239 16 67210 67239 22 67210 67283
11 2
20 66321 66394 9 66365 66394 40 66365 66467 7 66438 66467 34 66438 66540 4 66511 66540 4 66511 67260
4 67260 67333 4 67304 67333 34 67304 67406 7 67377 67406 19 67377 67450
11 2
18 65554 65627 8 65598 65627 10 65598 65700 6 65671 65700 14 65671 66600
14 66600 66673 18 66644 66673 13 66644 66973
11 2
13 65851 66180 18 66151 66180 1 66151 66600
1 66600 66673 1 66644 66673 28 66644 66746 11 66717 66746 37 66717 66819 10 66790 66819 45 66790 66892 13 66863 66892 23 66863 66936
11 2
13 65131 65460 18 65431 65460 6 65431 66720
6 66720 66793 5 66764 66793 35 66764 66866 6 66837 66866 39 66837 66939 7 66910 66939 19 66910 66983
11 2
13 66451 66780 18 66751 66780 9 66751 69900
9 69900 69973 18 69944 69973 13 69944 70273
11 2
24 66741 66814 14 66785 66814 38 66785 66887 11 66858 66887 28 66858 66960 1 66931 66960 1 66931 70140
1 70140 70213 18 70184 70213 13 70184 70513
11 2
13 66691 67020 18 66991 67020 8 66991 70440
8 70440 70513 5 70484 70513 52 70484 70586 4 70557 70586 34 70557 70659 7 70630 70659 19 70630 70703
11 2
13 67051 67380 18 67351 67380 6 67351 68580
6 68580 68653 5 68624 68653 35 68624 68726 6 68697 68726 10 68697 68799 8 68770 68799 18 68770 68843
11 2
13 67291 67620 18 67591 67620 3 67591 68220
3 68220 68293 3 68264 68293 33 68264 68366 9 68337 68366 50 68337 68439 12 68410 68439 44 68410 68512 16 68483 68512 22 68483 68556
11 2
24 67388 67461 14 67432 67461 46 67432 67534 13 67505 67534 45 67505 67607 10 67578 67607 30 67578 67680 2 67651 67680 2 67651 68940
2 68940 69013 2 68984 69013 31 68984 69086 11 69057 69086 37 69057 69159 10 69130 69159 45 69130 69232 13 69203 69232 23 69203 69276
11 2
20 67701 67774 9 67745 67774 40 67745 67847 7 67818 67847 34 67818 67920 4 67891 67920 4 67891 68520
4 68520 68593 4 68564 68593 51 68564 68666 3 68637 68666 48 68637 68739 10 68710 68739 43 68710 68812 16 68783 68812 22 68783 68856
11 2
18 66274 66347 8 66318 66347 10 66318 66420 6 66391 66420 11 66391 67920
11 67920 67993 18 67964 67993 13 67964 68293
11 2
24 67894 67967 14 67938 67967 38 67938 68040 11 68011 68040 17 68011 70500
17 70500 70573 11 70544 70573 37 70544 70646 10 70617 70646 45 70617 70719 13 70690 70719 23 70690 70763
11 2
13 68371 68700 18 68671 68700 4 68671 69300
4 69300 69373 4 69344 69373 51 69344 69446 3 69417 69446 33 69417 69519 9 69490 69519 50 69490 69592 12 69563 69592 44 69563 69665 16 69636 69665 22 69636 69709
11 2
13 68851 69180 18 69151 69180 2 69151 70380
2 70380 70453 2 70424 70453 29 70424 70526 3 70497 70526 32 70497 70599 7 70570 70599 36 70570 70672 8 70643 70672 18 70643 70716
11 2
20 68661 68734 9 68705 68734 40 68705 68807 7 68778 68807 39 68778 68880 6 68851 68880 12 68851 69180
12 69180 69253 18 69224 69253 13 69224 69553
11 2
24 69188 69261 14 69232 69261 46 69232 69334 13 69305 69334 45 69305 69407 10 69378 69407 48 69378 69480 3 69451 69480 3 69451 70860
3 70860 70933 3 70904 70933 48 70904 71006 10 70977 71006 45 70977 71079 13 71050 71079 23 71050 71123
11 2
20 69321 69394 9 69365 69394 40 69365 69467 7 69438 69467 39 69438 69540 6 69511 69540 11 69511 75600
11 75600 75673 6 75644 75673 39 75644 75746 7 75717 75746 19 75717 75790
11 2
24 69415 69488 14 69459 69488 46 69459 69561 13 69532 69561 45 69532 69634 10 69605 69634 48 69605 69707 3 69678 69707 51 69678 69780 4 69751 69780 4 69751 70320
4 70320 70393 4 70364 70393 34 70364 70466 7 70437 70466 36 70437 70539 8 70510 70539 18 70510 70583
11 2
13 69451 69780 18 69751 69780 7 69751 70740
7 70740 70813 18 70784 70813 13 70784 71113
11 2
21 68875 68948 15 68919 68948 41 68919 69021 9 68992 69021 33 68992 69094 3 69065 69094 51 69065 69167 4 69138 69167 52 69138 69240 5 69211 69240 5 69211 69840
5 69840 69913 5 69884 69913 35 69884 69986 6 69957 69986 39 69957 70059 7 70030 70059 19 70030 70103
11 2
13 69691 70020 18 69991 70020 9 69991 72180
9 72180 72253 18 72224 72253 13 72224 72553
11 2
13 70171 70500 18 70471 70500 12 70471 71700
12 71700 71773 6 71744 71773 10 71744 71846 8 71817 71846 18 71817 71890
11 2
13 70651 70980 18 70951 70980 3 70951 73200
3 73200 73273 18 73244 73273 13 73244 73573
11 2
13 70891 71220 18 71191 71220 6 71191 71520
6 71520 71593 5 71564 71593 35 71564 71666 6 71637 71666 39 71637 71739 7 71710 71739 19 71710 71783
11 2
24 71202 71275 14 71246 71275 46 71246 71348 13 71319 71348 45 71319 71421 10 71392 71421 48 71392 71494 3 71465 71494 51 71465 71567 4 71538 71567 52 71538 71640 5 71611 71640 5 71611 72240
5 72240 72313 5 72284 72313 35 72284 72386 6 72357 72386 39 72357 72459 7 72430 72459 40 72430 72532 9 72503 72532 50 72503 72605 12 72576 72605 44 72576 72678 16 72649 72678 22 72649 72722
11 2
20 71661 71734 9 71705 71734 33 71705 71807 3 71778 71807 29 71778 71880 2 71851 71880 2 71851 72540
2 72540 72613 2 72584 72613 30 72584 72686 10 72657 72686 43 72657 72759 16 72730 72759 22 72730 72803
11 2
13 71731 72060 18 72031 72060 6 72031 72660
6 72660 72733 5 72704 72733 52 72704 72806 4 72777 72806 51 72777 72879 3 72850 72879 48 72850 72952 10 72923 72952 43 72923 73025 16 72996 73025 22 72996 73069
11 2
20 72021 72094 9 72065 72094 33 72065 72167 3 72138 72167 51 72138 72240 4 72211 72240 4 72211 72780
4 72780 72853 4 72824 72853 34 72824 72926 7 72897 72926 36 72897 72999 8 72970 72999 18 72970 73043
11 2
13 72031 72360 18 72331 72360 5 72331 75600
5 75600 75673 18 75644 75673 13 75644 75973
11 2
24 72141 72214 14 72185 72214 38 72185 72287 11 72258 72287 28 72258 72360 1 72331 72360 1 72331 73140
1 73140 73213 1 73184 73213 27 73184 73286 2 73257 73286 29 73257 73359 3 73330 73359 33 73330 73432 9 73403 73432 50 73403 73505 12 73476 73505 44 73476 73578 16 73549 73578 22 73549 73622
11 2
24 72501 72574 14 72545 72574 38 72545 72647 11 72618 72647 31 72618 72720 2 72691 72720 2 72691 72780
2 72780 72853 18 72824 72853 13 72824 73153
11 2
13 72631 72960 18 72931 72960 7 72931 73560
7 73560 73633 5 73604 73633 52 73604 73706 4 73677 73706 51 73677 73779 3 73750 73779 48 73750 73852 10 73823 73852 43 73823 73925 16 73896 73925 22 73896 73969
11 2
24 73341 73414 14 73385 73414 38 73385 73487 11 73458 73487 28 73458 73560 1 73531 73560 1 73531 76260
1 76260 76333 1 76304 76333 28 76304 76406 11 76377 76406 37 76377 76479 10 76450 76479 45 76450 76552 13 76523 76552 23 76523 76596
11 2
13 73831 74160 18 74131 74160 14 74131 75360
14 75360 75433 6 75404 75433 39 75404 75506 7 75477 75506 40 75477 75579 9 75550 75579 50 75550 75652 12 75623 75652 44 75623 75725 16 75696 75725 22 75696 75769
11 2
13 74251 74580 18 74551 74580 7 74551 75780
7 75780 75853 5 75824 75853 52 75824 75926 4 75897 75926 34 75897 75999 7 75970 75999 36 75970 76072 8 76043 76072 18 76043 76116
11 2
20 74828 74901 9 74872 74901 40 74872 74974 7 74945 74974 39 74945 75047 6 75018 75047 35 75018 75120 5 75091 75120 6 75091 76500
6 76500 76573 5 76544 76573 52 76544 76646 4 76617 76646 34 76617 76719 7 76690 76719 36 76690 76792 8 76763 76792 18 76763 76836
11 2
13 74491 74820 18 74791 74820 2 74791 75360
2 75360 75433 2 75404 75433 30 75404 75506 10 75477 75506 45 75477 75579 13 75550 75579 23 75550 75623
11 2
20 75261 75334 9 75305 75334 33 75305 75407 3 75378 75407 29 75378 75480 2 75451 75480 2 75451 76080
2 76080 76153 2 76124 76153 31 76124 76226 11 76197 76226 37 76197 76299 10 76270 76299 43 76270 76372 16 76343 76372 22 76343 76416
11 2
20 75621 75694 9 75665 75694 33 75665 75767 3 75738 75767 51 75738 75840 4 75811 75840 4 75811 76200
4 76200 76273 4 76244 76273 34 76244 76346 7 76317 76346 36 76317 76419 8 76390 76419 18 76390 76463
11 2
24 76534 76607 14 76578 76607 38 76578 76680 11 76651 76680 16 76651 79200
16 79200 79273 11 79244 79273 37 79244 79346 10 79317 79346 45 79317 79419 13 79390 79419 23 79390 79463
11 2
13 76471 76800 18 76771 76800 5 76771 78000
5 78000 78073 5 78044 78073 35 78044 78146 6 78117 78146 10 78117 78219 8 78190 78219 18 78190 78263
11 2
13 76771 77100 18 77071 77100 2 77071 78300
2 78300 78373 2 78344 78373 29 78344 78446 3 78417 78446 32 78417 78519 7 78490 78519 36 78490 78592 8 78563 78592 18 78563 78636
11 2
24 77348 77421 14 77392 77421 46 77392 77494 13 77465 77494 45 77465 77567 10 77538 77567 48 77538 77640 3 77611 77640 3 77611 78240
3 78240 78313 3 78284 78313 32 78284 78386 7 78357 78386 36 78357 78459 8 78430 78459 18 78430 78503
11 2
13 78031 78360 18 78331 78360 14 78331 79560
14 79560 79633 6 79604 79633 10 79604 79706 8 79677 79706 18 79677 79750
11 2
13 78271 78600 18 78571 78600 6 78571 79200
6 79200 79273 5 79244 79273 35 79244 79346 6 79317 79346 39 79317 79419 7 79390 79419 19 79390 79463
11 2
24 72981 73054 14 73025 73054 38 73025 73127 11 73098 73127 31 73098 73200 2 73171 73200 2 73171 73800
2 73800 73873 2 73844 73873 29 73844 73946 3 73917 73946 33 73917 74019 9 73990 74019 50 73990 74092 12 74063 74092 44 74063 74165 16 74136 74165 22 74136 74209
11 2
20 80841 80914 9 80885 80914 40 80885 80987 7 80958 80987 34 80958 81060 4 81031 81060 4 81031 83400
4 83400 83473 4 83444 83473 34 83444 83546 7 83517 83546 19 83517 83590
11 2
21 81368 81441 15 81412 81441 42 81412 81514 12 81485 81514 49 81485 81587 10 81558 81587 30 81558 81660 2 81631 81660 2 81631 82260
2 82260 82333 2 82304 82333 29 82304 82406 3 82377 82406 32 82377 82479 7 82450 82479 19 82450 82523
11 2
13 84391 84720 18 84691 84720 4 84691 85320
4 85320 85393 4 85364 85393 51 85364 85466 3 85437 85466 48 85437 85539 10 85510 85539 45 85510 85612 13 85583 85612 23 85583 85656
11 2
13 85471 85800 18 85771 85800 4 85771 87000
4 87000 87073 4 87044 87073 34 87044 87146 7 87117 87146 36 87117 87219 8 87190 87219 18 87190 87263
11 2
13 86011 86340 18 86311 86340 6 86311 87540
6 87540 87613 5 87584 87613 35 87584 87686 6 87657 87686 10 87657 87759 8 87730 87759 18 87730 87803